2.0001E+03 2.1819E-06
2.0003E+03 3.9535E-06
2.0005E+03 3.2209E-06
2.0007E+03 1.9423E-05
2.0009E+03 1.2821E-05
2.0011E+03 8.7627E-05
2.0013E+03 5.9848E-04
2.0015E+03 3.0787E-05
2.0017E+03 1.7574E-05
2.0019E+03 2.0888E-05
2.0021E+03 3.5050E-05
2.0023E+03 4.0080E-04
2.0025E+03 8.6390E-05
2.0027E+03 1.8187E-04
2.0029E+03 2.6098E-03
2.0031E+03 9.7605E-05
2.0033E+03 3.3861E-05
2.0035E+03 9.2347E-05
2.0037E+03 1.7326E-05
2.0039E+03 2.3237E-05
2.0041E+03 3.1431E-05
2.0043E+03 8.2054E-05
2.0045E+03 1.9091E-03
2.0047E+03 2.6101E-04
2.0049E+03 5.6501E-05
2.0051E+03 1.0430E-04
2.0053E+03 6.2191E-04
2.0055E+03 8.6996E-05
2.0057E+03 8.5558E-05
2.0059E+03 3.3945E-04
2.0061E+03 7.3367E-04
2.0063E+03 9.9046E-05
2.0065E+03 3.2620E-05
2.0067E+03 2.7230E-05
2.0069E+03 4.0869E-05
2.0071E+03 5.3699E-05
2.0073E+03 5.8691E-05
2.0075E+03 2.2130E-04
2.0077E+03 1.5148E-05
2.0079E+03 5.1013E-06
2.0081E+03 9.4955E-06
2.0083E+03 6.8425E-07
2.0085E+03 2.1029E-06
2.0087E+03 5.3561E-05
2.0089E+03 1.7950E-06
2.0091E+03 3.4893E-07
2.0093E+03 1.6727E-07
2.0095E+03 7.8788E-08
2.0097E+03 2.4079E-06
2.0099E+03 6.3546E-06
2.0101E+03 8.0478E-08
2.0103E+03 6.5945E-07
2.0105E+03 3.2559E-07
2.0107E+03 2.3099E-06
2.0109E+03 2.6626E-06
2.0111E+03 4.5348E-07
2.0113E+03 6.0476E-07
2.0115E+03 3.7153E-07
2.0117E+03 8.2815E-07
2.0119E+03 4.8231E-05
2.0121E+03 2.9745E-06
2.0123E+03 3.5694E-06
2.0125E+03 4.9079E-06
2.0127E+03 3.4817E-05
2.0129E+03 1.0722E-05
2.0131E+03 3.0204E-05
2.0133E+03 1.3325E-04
2.0136E+03 2.6786E-04
2.0138E+03 3.2251E-05
2.0140E+03 7.3938E-05
2.0142E+03 6.8027E-05
2.0144E+03 1.1753E-05
2.0146E+03 1.1969E-05
2.0148E+03 4.4154E-05
2.0150E+03 2.0555E-04
2.0152E+03 7.0814E-05
2.0154E+03 1.0029E-04
2.0156E+03 3.0956E-05
2.0158E+03 1.2182E-05
2.0160E+03 5.9501E-05
2.0162E+03 4.8305E-05
2.0164E+03 3.1199E-05
2.0166E+03 6.1691E-05
2.0168E+03 4.3633E-04
2.0170E+03 1.2142E-03
2.0172E+03 5.0793E-05
2.0174E+03 7.3446E-05
2.0176E+03 1.5800E-05
2.0178E+03 2.8066E-05
2.0180E+03 1.4014E-04
2.0182E+03 1.5793E-04
2.0184E+03 2.7999E-05
2.0186E+03 2.0783E-04
2.0188E+03 1.4314E-05
2.0190E+03 1.1014E-05
2.0192E+03 1.7670E-04
2.0194E+03 5.9137E-05
2.0197E+03 8.6445E-06
2.0199E+03 2.2302E-05
2.0201E+03 1.1242E-04
2.0203E+03 2.8078E-05
2.0205E+03 3.4819E-05
2.0207E+03 2.0945E-05
2.0209E+03 1.7565E-04
2.0211E+03 9.2120E-05
2.0213E+03 1.4745E-05
2.0215E+03 6.3569E-06
2.0217E+03 5.0691E-06
2.0219E+03 2.6300E-06
2.0221E+03 2.2683E-06
2.0223E+03 3.1943E-06
2.0225E+03 3.3693E-06
2.0227E+03 5.7298E-06
2.0229E+03 1.0827E-05
2.0231E+03 5.2617E-05
2.0233E+03 5.2038E-04
2.0235E+03 3.8428E-05
2.0237E+03 1.5918E-05
2.0239E+03 9.0244E-06
2.0241E+03 1.5539E-04
2.0244E+03 1.0148E-05
2.0246E+03 2.3122E-05
2.0248E+03 9.9492E-06
2.0250E+03 6.1719E-05
2.0252E+03 1.4614E-05
2.0254E+03 1.3197E-05
2.0256E+03 1.4406E-06
2.0258E+03 1.0339E-06
2.0260E+03 5.9136E-07
2.0262E+03 2.1483E-06
2.0264E+03 3.8396E-07
2.0266E+03 7.4368E-07
2.0268E+03 1.5011E-06
2.0270E+03 8.8719E-06
2.0272E+03 2.9250E-06
2.0274E+03 5.6233E-06
2.0276E+03 2.7762E-05
2.0278E+03 3.6631E-05
2.0280E+03 7.3623E-05
2.0283E+03 1.6130E-04
2.0285E+03 2.8353E-05
2.0287E+03 1.3324E-04
2.0289E+03 1.3484E-04
2.0291E+03 2.5592E-05
2.0293E+03 7.4347E-06
2.0295E+03 1.2279E-05
2.0297E+03 5.0709E-06
2.0299E+03 3.4651E-06
2.0301E+03 2.6029E-05
2.0303E+03 1.0030E-05
2.0305E+03 7.8659E-05
2.0307E+03 2.4129E-05
2.0309E+03 1.8477E-04
2.0311E+03 7.2465E-06
2.0313E+03 3.1540E-06
2.0315E+03 3.3989E-06
2.0318E+03 6.5194E-06
2.0320E+03 1.4898E-05
2.0322E+03 1.5594E-05
2.0324E+03 1.0297E-05
2.0326E+03 6.5498E-06
2.0328E+03 8.6494E-06
2.0330E+03 2.4010E-05
2.0332E+03 1.0824E-03
2.0334E+03 2.2375E-04
2.0336E+03 1.4331E-05
2.0338E+03 4.0977E-05
2.0340E+03 6.2648E-06
2.0342E+03 2.6688E-06
2.0344E+03 3.0835E-06
2.0347E+03 1.0307E-05
2.0349E+03 1.0941E-06
2.0351E+03 4.5057E-07
2.0353E+03 7.2197E-07
2.0355E+03 2.3484E-07
2.0357E+03 9.3714E-08
2.0359E+03 4.6312E-07
2.0361E+03 3.2670E-07
2.0363E+03 2.9754E-07
2.0365E+03 4.0953E-07
2.0367E+03 6.1287E-08
2.0369E+03 2.2999E-07
2.0371E+03 3.2551E-07
2.0373E+03 7.4311E-07
2.0376E+03 1.2567E-06
2.0378E+03 1.3068E-06
2.0380E+03 3.5536E-06
2.0382E+03 1.3099E-05
2.0384E+03 3.6280E-04
2.0386E+03 9.4743E-06
2.0388E+03 4.9782E-06
2.0390E+03 1.0897E-05
2.0392E+03 2.9123E-06
2.0394E+03 3.4366E-06
2.0396E+03 6.3357E-06
2.0398E+03 4.4547E-05
2.0400E+03 5.5390E-04
2.0403E+03 6.0592E-04
2.0405E+03 1.1407E-04
2.0407E+03 2.4743E-05
2.0409E+03 4.1436E-05
2.0411E+03 4.3440E-06
2.0413E+03 1.3292E-04
2.0415E+03 2.5915E-06
2.0417E+03 7.1374E-06
2.0419E+03 1.3633E-05
2.0421E+03 6.5732E-07
2.0423E+03 9.6535E-07
2.0425E+03 1.5549E-06
2.0428E+03 4.2646E-06
2.0430E+03 1.0035E-04
2.0432E+03 5.8635E-05
2.0434E+03 6.6273E-06
2.0436E+03 3.3413E-05
2.0438E+03 2.1966E-05
2.0440E+03 2.4071E-05
2.0442E+03 2.6399E-04
2.0444E+03 3.7577E-05
2.0446E+03 9.4855E-06
2.0448E+03 1.6446E-04
2.0451E+03 8.4589E-06
2.0453E+03 3.8518E-06
2.0455E+03 1.5996E-05
2.0457E+03 1.5360E-06
2.0459E+03 7.4768E-07
2.0461E+03 4.7958E-07
2.0463E+03 2.2529E-07
2.0465E+03 1.8832E-07
2.0467E+03 1.1322E-07
2.0469E+03 6.5534E-07
2.0471E+03 4.3040E-07
2.0474E+03 4.4106E-08
2.0476E+03 1.4228E-08
2.0478E+03 4.9893E-08
2.0480E+03 8.6559E-08
2.0482E+03 3.8171E-07
2.0484E+03 6.5318E-07
2.0486E+03 4.8155E-05
2.0488E+03 6.8750E-07
2.0490E+03 8.1664E-07
2.0492E+03 2.0198E-06
2.0495E+03 1.2189E-05
2.0497E+03 2.1337E-06
2.0499E+03 1.6988E-06
2.0501E+03 4.5426E-06
2.0503E+03 7.3961E-05
2.0505E+03 1.3157E-04
2.0507E+03 1.0790E-05
2.0509E+03 2.4916E-06
2.0511E+03 1.7643E-06
2.0513E+03 1.2233E-05
2.0516E+03 5.0553E-05
2.0518E+03 6.4095E-06
2.0520E+03 7.4728E-06
2.0522E+03 8.8077E-06
2.0524E+03 1.7626E-06
2.0526E+03 1.1633E-05
2.0528E+03 2.3702E-06
2.0530E+03 1.8968E-06
2.0532E+03 9.4433E-06
2.0535E+03 2.4770E-05
2.0537E+03 1.8778E-05
2.0539E+03 3.6164E-06
2.0541E+03 8.0649E-06
2.0543E+03 9.2841E-05
2.0545E+03 4.4252E-06
2.0547E+03 3.8023E-06
2.0549E+03 6.5555E-05
2.0551E+03 6.9676E-06
2.0554E+03 2.0836E-06
2.0556E+03 3.1287E-06
2.0558E+03 1.3512E-06
2.0560E+03 2.2206E-06
2.0562E+03 6.8195E-06
2.0564E+03 1.4710E-05
2.0566E+03 2.5055E-04
2.0568E+03 1.6801E-05
2.0570E+03 4.6136E-06
2.0573E+03 4.1452E-06
2.0575E+03 1.2689E-05
2.0577E+03 6.3920E-05
2.0579E+03 1.4707E-05
2.0581E+03 2.1466E-05
2.0583E+03 3.1018E-06
2.0585E+03 1.6871E-05
2.0587E+03 3.6750E-06
2.0589E+03 9.8077E-05
2.0592E+03 4.6619E-06
2.0594E+03 1.5808E-06
2.0596E+03 1.3665E-06
2.0598E+03 2.1962E-06
2.0600E+03 4.2594E-06
2.0602E+03 9.5738E-06
2.0604E+03 2.4536E-04
2.0606E+03 1.7261E-05
2.0609E+03 1.0972E-05
2.0611E+03 1.7511E-04
2.0613E+03 1.8550E-05
2.0615E+03 4.0034E-06
2.0617E+03 2.4319E-06
2.0619E+03 2.5859E-06
2.0621E+03 6.1152E-06
2.0623E+03 4.4598E-05
2.0626E+03 3.5738E-05
2.0628E+03 4.3024E-05
2.0630E+03 4.1460E-05
2.0632E+03 6.7297E-06
2.0634E+03 2.9977E-06
2.0636E+03 6.1301E-05
2.0638E+03 2.6770E-06
2.0640E+03 3.4954E-06
2.0643E+03 8.5422E-07
2.0645E+03 1.6938E-06
2.0647E+03 1.6625E-05
2.0649E+03 1.4754E-06
2.0651E+03 6.1288E-06
2.0653E+03 1.3009E-05
2.0655E+03 1.9555E-06
2.0658E+03 4.6166E-06
2.0660E+03 2.3435E-05
2.0662E+03 1.0975E-04
2.0664E+03 6.4452E-06
2.0666E+03 2.3960E-06
2.0668E+03 5.1982E-06
2.0670E+03 2.3116E-06
2.0672E+03 1.6414E-05
2.0675E+03 1.8216E-06
2.0677E+03 1.5109E-06
2.0679E+03 4.0554E-06
2.0681E+03 9.5392E-05
2.0683E+03 6.1936E-06
2.0685E+03 3.3296E-05
2.0687E+03 6.8137E-06
2.0690E+03 5.2804E-05
2.0692E+03 3.4596E-06
2.0694E+03 3.6350E-06
2.0696E+03 2.9222E-05
2.0698E+03 1.2590E-05
2.0700E+03 6.0161E-05
2.0702E+03 8.5764E-06
2.0705E+03 8.2668E-06
2.0707E+03 5.8118E-05
2.0709E+03 1.1297E-05
2.0711E+03 2.8893E-06
2.0713E+03 9.2140E-06
2.0715E+03 3.9874E-06
2.0717E+03 6.8346E-06
2.0720E+03 1.1846E-05
2.0722E+03 6.3884E-06
2.0724E+03 1.0809E-06
2.0726E+03 8.6147E-07
2.0728E+03 1.1764E-06
2.0730E+03 4.3024E-06
2.0732E+03 4.9994E-05
2.0735E+03 2.0164E-06
2.0737E+03 8.0325E-07
2.0739E+03 4.7306E-07
2.0741E+03 4.5901E-07
2.0743E+03 5.9685E-07
2.0745E+03 1.0371E-06
2.0748E+03 2.6035E-06
2.0750E+03 1.9584E-05
2.0752E+03 2.4576E-05
2.0754E+03 2.9971E-06
2.0756E+03 1.7558E-06
2.0758E+03 2.3747E-06
2.0760E+03 9.9590E-07
2.0763E+03 1.2727E-06
2.0765E+03 2.8767E-06
2.0767E+03 9.6940E-05
2.0769E+03 2.0312E-05
2.0771E+03 6.6511E-05
2.0773E+03 8.0342E-06
2.0776E+03 2.5561E-05
2.0778E+03 2.7936E-04
2.0780E+03 1.9165E-05
2.0782E+03 1.3704E-05
2.0784E+03 1.8339E-05
2.0786E+03 3.3206E-06
2.0789E+03 1.3684E-06
2.0791E+03 9.8780E-07
2.0793E+03 6.4946E-07
2.0795E+03 4.0557E-07
2.0797E+03 3.6962E-07
2.0799E+03 1.2677E-07
2.0801E+03 5.1335E-08
2.0804E+03 2.6785E-07
2.0806E+03 2.6403E-07
2.0808E+03 7.5909E-07
2.0810E+03 3.1133E-05
2.0812E+03 2.2449E-06
2.0814E+03 2.7533E-06
2.0817E+03 1.4682E-05
2.0819E+03 2.3041E-05
2.0821E+03 5.9929E-06
2.0823E+03 1.6795E-06
2.0825E+03 1.2820E-06
2.0827E+03 5.3663E-06
2.0830E+03 2.6548E-05
2.0832E+03 1.9245E-06
2.0834E+03 1.0776E-06
2.0836E+03 4.8965E-06
2.0838E+03 4.8597E-06
2.0840E+03 1.6388E-06
2.0843E+03 3.6149E-06
2.0845E+03 6.8671E-06
2.0847E+03 4.0915E-05
2.0849E+03 7.8532E-05
2.0851E+03 1.6170E-05
2.0854E+03 4.0036E-06
2.0856E+03 2.3816E-06
2.0858E+03 1.4861E-05
2.0860E+03 2.8878E-06
2.0862E+03 6.3963E-05
2.0864E+03 2.5485E-06
2.0867E+03 9.2735E-07
2.0869E+03 4.5302E-07
2.0871E+03 5.6782E-07
2.0873E+03 1.6232E-07
2.0875E+03 1.7917E-06
2.0877E+03 8.9588E-07
2.0880E+03 4.2648E-07
2.0882E+03 4.6865E-07
2.0884E+03 1.5621E-06
2.0886E+03 1.2851E-04
2.0888E+03 2.4248E-06
2.0891E+03 1.6260E-06
2.0893E+03 7.7553E-07
2.0895E+03 1.0960E-06
2.0897E+03 2.6213E-06
2.0899E+03 1.9100E-05
2.0901E+03 2.3518E-05
2.0904E+03 3.0602E-06
2.0906E+03 2.1284E-06
2.0908E+03 7.1881E-07
2.0910E+03 4.2003E-07
2.0912E+03 4.0864E-07
2.0915E+03 2.0239E-06
2.0917E+03 2.1753E-06
2.0919E+03 4.8518E-06
2.0921E+03 1.1912E-06
2.0923E+03 2.5103E-06
2.0926E+03 4.7263E-05
2.0928E+03 4.2570E-06
2.0930E+03 1.8109E-06
2.0932E+03 2.3468E-06
2.0934E+03 6.7103E-06
2.0936E+03 1.6659E-05
2.0939E+03 3.1035E-04
2.0941E+03 1.8471E-05
2.0943E+03 1.6274E-05
2.0945E+03 2.7350E-06
2.0947E+03 2.0544E-06
2.0950E+03 2.5009E-06
2.0952E+03 1.4597E-06
2.0954E+03 9.7744E-07
2.0956E+03 4.3793E-06
2.0958E+03 7.2386E-06
2.0961E+03 6.0905E-07
2.0963E+03 4.3542E-07
2.0965E+03 2.5492E-07
2.0967E+03 5.5612E-07
2.0969E+03 1.7780E-06
2.0972E+03 2.8176E-05
2.0974E+03 1.9491E-06
2.0976E+03 1.5423E-06
2.0978E+03 1.8422E-06
2.0980E+03 3.1043E-06
2.0983E+03 8.1282E-06
2.0985E+03 9.5845E-05
2.0987E+03 1.1443E-04
2.0989E+03 6.9842E-05
2.0991E+03 1.0237E-05
2.0994E+03 5.1921E-06
2.0996E+03 2.6794E-06
2.0998E+03 2.8131E-06
2.1000E+03 6.7086E-06
2.1002E+03 1.8694E-05
2.1005E+03 3.2982E-05
2.1007E+03 4.5729E-06
2.1009E+03 2.9788E-06
2.1011E+03 4.1590E-06
2.1013E+03 9.6969E-06
2.1016E+03 7.7169E-05
2.1018E+03 4.0222E-04
2.1020E+03 1.8913E-05
2.1022E+03 9.2959E-06
2.1025E+03 8.5560E-06
2.1027E+03 1.7498E-06
2.1029E+03 2.2197E-06
2.1031E+03 8.5831E-07
2.1033E+03 3.5231E-06
2.1036E+03 5.8280E-07
2.1038E+03 5.7881E-07
2.1040E+03 7.6544E-06
2.1042E+03 5.3980E-07
2.1044E+03 1.0094E-06
2.1047E+03 1.4046E-06
2.1049E+03 1.4093E-05
2.1051E+03 5.5504E-06
2.1053E+03 4.0257E-06
2.1056E+03 8.7647E-06
2.1058E+03 9.6742E-07
2.1060E+03 5.8220E-07
2.1062E+03 9.1676E-07
2.1064E+03 4.2064E-06
2.1067E+03 8.7499E-06
2.1069E+03 8.4581E-07
2.1071E+03 3.2281E-07
2.1073E+03 2.2261E-07
2.1075E+03 1.2213E-07
2.1078E+03 3.0031E-07
2.1080E+03 4.3794E-07
2.1082E+03 5.6920E-07
2.1084E+03 9.0206E-07
2.1087E+03 2.7447E-07
2.1089E+03 3.1668E-07
2.1091E+03 4.7984E-07
2.1093E+03 9.3864E-07
2.1095E+03 3.0094E-06
2.1098E+03 2.5973E-05
2.1100E+03 1.4672E-05
2.1102E+03 3.0528E-06
2.1104E+03 1.4924E-06
2.1107E+03 3.4562E-06
2.1109E+03 1.0475E-06
2.1111E+03 1.3364E-06
2.1113E+03 2.3650E-06
2.1116E+03 6.9877E-06
2.1118E+03 1.0609E-04
2.1120E+03 2.1165E-05
2.1122E+03 5.6098E-06
2.1124E+03 1.9746E-05
2.1127E+03 1.0140E-05
2.1129E+03 4.5436E-06
2.1131E+03 1.1032E-06
2.1133E+03 8.8498E-07
2.1136E+03 5.9981E-06
2.1138E+03 9.3856E-07
2.1140E+03 4.9312E-07
2.1142E+03 2.5680E-07
2.1145E+03 3.1592E-07
2.1147E+03 1.4644E-06
2.1149E+03 1.4805E-06
2.1151E+03 2.4485E-05
2.1153E+03 2.3493E-06
2.1156E+03 6.5536E-06
2.1158E+03 5.3787E-06
2.1160E+03 3.5466E-06
2.1162E+03 4.7544E-05
2.1165E+03 2.4761E-06
2.1167E+03 1.0389E-06
2.1169E+03 1.5251E-06
2.1171E+03 9.7235E-07
2.1174E+03 6.3113E-06
2.1176E+03 5.4182E-06
2.1178E+03 4.6099E-06
2.1180E+03 6.5693E-06
2.1183E+03 1.2066E-05
2.1185E+03 1.1760E-04
2.1187E+03 5.3423E-05
2.1189E+03 8.9567E-06
2.1192E+03 5.4990E-06
2.1194E+03 3.7430E-06
2.1196E+03 8.8930E-06
2.1198E+03 4.1072E-05
2.1201E+03 5.0567E-05
2.1203E+03 2.0596E-05
2.1205E+03 1.1609E-05
2.1207E+03 2.3991E-06
2.1210E+03 1.2537E-06
2.1212E+03 2.3209E-06
2.1214E+03 1.7053E-05
2.1216E+03 1.1194E-06
2.1219E+03 4.4062E-07
2.1221E+03 2.8577E-07
2.1223E+03 2.1536E-07
2.1225E+03 2.6447E-07
2.1228E+03 6.2843E-07
2.1230E+03 3.3380E-07
2.1232E+03 4.5832E-07
2.1234E+03 6.3775E-07
2.1237E+03 1.0062E-06
2.1239E+03 1.8457E-06
2.1241E+03 4.7445E-06
2.1243E+03 3.4798E-05
2.1246E+03 4.3409E-05
2.1248E+03 7.8275E-05
2.1250E+03 5.1524E-06
2.1252E+03 1.8539E-06
2.1255E+03 1.2453E-06
2.1257E+03 9.3471E-07
2.1259E+03 9.4098E-07
2.1261E+03 8.2222E-07
2.1264E+03 9.1710E-07
2.1266E+03 1.0445E-06
2.1268E+03 2.1030E-06
2.1270E+03 2.6229E-06
2.1273E+03 5.1953E-06
2.1275E+03 1.8139E-05
2.1277E+03 2.8398E-04
2.1280E+03 3.3977E-05
2.1282E+03 7.2355E-06
2.1284E+03 3.0606E-06
2.1286E+03 1.6809E-06
2.1289E+03 1.1402E-06
2.1291E+03 6.4483E-06
2.1293E+03 7.3375E-07
2.1295E+03 4.5118E-07
2.1298E+03 4.3843E-07
2.1300E+03 8.3509E-07
2.1302E+03 3.7669E-07
2.1304E+03 9.5930E-07
2.1307E+03 2.4127E-06
2.1309E+03 1.2953E-06
2.1311E+03 1.1775E-07
2.1314E+03 5.8796E-08
2.1316E+03 9.8430E-08
2.1318E+03 2.0939E-07
2.1320E+03 7.5489E-07
2.1323E+03 2.4534E-07
2.1325E+03 1.5370E-07
2.1327E+03 8.8449E-07
2.1329E+03 1.0476E-06
2.1332E+03 1.7364E-07
2.1334E+03 1.7098E-06
2.1336E+03 8.2373E-07
2.1339E+03 4.4959E-07
2.1341E+03 1.4727E-07
2.1343E+03 1.6171E-07
2.1345E+03 2.0001E-07
2.1348E+03 2.7991E-07
2.1350E+03 4.4335E-07
2.1352E+03 7.6198E-07
2.1355E+03 1.7834E-06
2.1357E+03 8.6289E-06
2.1359E+03 7.6359E-05
2.1361E+03 2.5179E-05
2.1364E+03 2.0610E-06
2.1366E+03 8.0569E-07
2.1368E+03 4.8008E-07
2.1370E+03 3.3186E-07
2.1373E+03 4.6034E-07
2.1375E+03 1.7595E-06
2.1377E+03 3.0961E-07
2.1380E+03 3.3732E-07
2.1382E+03 5.2263E-07
2.1384E+03 5.1916E-06
2.1386E+03 1.1692E-06
2.1389E+03 1.1016E-06
2.1391E+03 1.5574E-06
2.1393E+03 3.0130E-06
2.1396E+03 2.3294E-06
2.1398E+03 1.1469E-06
2.1400E+03 4.5403E-06
2.1403E+03 2.7956E-07
2.1405E+03 1.0414E-07
2.1407E+03 1.3804E-07
2.1409E+03 3.7104E-06
2.1412E+03 1.0869E-07
2.1414E+03 2.6312E-07
2.1416E+03 1.3587E-07
2.1419E+03 5.0355E-07
2.1421E+03 2.6114E-07
2.1423E+03 2.8355E-07
2.1425E+03 3.7136E-06
2.1428E+03 1.3095E-07
2.1430E+03 1.0988E-07
2.1432E+03 1.7817E-07
2.1435E+03 6.0237E-08
2.1437E+03 6.9292E-08
2.1439E+03 1.8386E-07
2.1442E+03 2.6608E-07
2.1444E+03 1.0183E-06
2.1446E+03 2.6696E-05
2.1448E+03 1.1422E-06
2.1451E+03 7.1906E-07
2.1453E+03 5.4534E-07
2.1455E+03 2.9418E-07
2.1458E+03 1.7171E-06
2.1460E+03 2.2834E-06
2.1462E+03 5.6445E-07
2.1465E+03 1.7639E-07
2.1467E+03 1.3683E-07
2.1469E+03 5.3302E-07
2.1471E+03 1.9345E-07
2.1474E+03 2.2870E-06
2.1476E+03 1.1679E-06
2.1478E+03 1.1974E-06
2.1481E+03 1.7093E-05
2.1483E+03 3.4158E-06
2.1485E+03 7.3002E-07
2.1488E+03 5.5651E-07
2.1490E+03 4.7667E-07
2.1492E+03 8.5912E-07
2.1495E+03 1.1342E-06
2.1497E+03 3.5850E-06
2.1499E+03 8.3969E-05
2.1501E+03 3.5810E-06
2.1504E+03 2.2967E-06
2.1506E+03 2.6957E-05
2.1508E+03 3.9035E-06
2.1511E+03 8.4428E-06
2.1513E+03 8.9974E-05
2.1515E+03 2.9791E-05
2.1518E+03 1.5197E-04
2.1520E+03 1.0353E-05
2.1522E+03 7.2347E-06
2.1525E+03 8.6039E-05
2.1527E+03 8.6637E-06
2.1529E+03 9.2286E-05
2.1532E+03 1.1890E-05
2.1534E+03 1.1876E-05
2.1536E+03 2.8916E-05
2.1538E+03 4.5938E-06
2.1541E+03 1.0475E-05
2.1543E+03 2.9340E-05
2.1545E+03 6.9492E-06
2.1548E+03 9.8039E-06
2.1550E+03 1.5898E-06
2.1552E+03 9.4040E-07
2.1555E+03 1.6572E-06
2.1557E+03 3.8480E-05
2.1559E+03 1.4327E-06
2.1562E+03 9.4813E-07
2.1564E+03 1.3114E-05
2.1566E+03 9.8715E-07
2.1569E+03 4.0495E-07
2.1571E+03 2.6141E-07
2.1573E+03 3.4540E-07
2.1576E+03 5.8959E-07
2.1578E+03 3.4470E-06
2.1580E+03 5.9149E-06
2.1583E+03 3.9138E-06
2.1585E+03 1.7952E-06
2.1587E+03 3.5490E-06
2.1590E+03 2.0821E-05
2.1592E+03 4.5374E-05
2.1594E+03 5.1314E-06
2.1597E+03 3.5571E-06
2.1599E+03 2.0133E-05
2.1601E+03 1.0929E-05
2.1604E+03 2.3035E-06
2.1606E+03 1.2468E-06
2.1608E+03 2.0959E-06
2.1611E+03 2.2345E-05
2.1613E+03 1.8322E-06
2.1615E+03 1.1177E-06
2.1618E+03 2.7986E-06
2.1620E+03 1.4834E-06
2.1622E+03 2.5210E-06
2.1625E+03 1.1523E-05
2.1627E+03 1.0525E-05
2.1629E+03 9.2576E-06
2.1632E+03 2.2082E-05
2.1634E+03 4.0093E-04
2.1636E+03 2.1340E-04
2.1639E+03 1.5763E-05
2.1641E+03 5.6318E-06
2.1643E+03 2.9660E-06
2.1646E+03 1.8228E-06
2.1648E+03 1.3216E-06
2.1650E+03 1.6503E-06
2.1653E+03 1.0602E-06
2.1655E+03 7.6882E-07
2.1657E+03 5.0114E-07
2.1660E+03 1.1478E-06
2.1662E+03 1.7863E-05
2.1664E+03 5.4769E-06
2.1667E+03 2.0603E-06
2.1669E+03 1.8352E-06
2.1672E+03 1.0733E-05
2.1674E+03 1.4275E-06
2.1676E+03 1.1847E-06
2.1679E+03 1.7108E-06
2.1681E+03 3.1099E-06
2.1683E+03 8.0894E-06
2.1686E+03 5.7534E-05
2.1688E+03 7.9305E-05
2.1690E+03 9.2264E-06
2.1693E+03 3.9072E-06
2.1695E+03 1.7233E-05
2.1697E+03 1.3749E-06
2.1700E+03 1.2831E-06
2.1702E+03 7.5669E-07
2.1704E+03 4.5344E-07
2.1707E+03 3.0228E-07
2.1709E+03 6.0719E-07
2.1712E+03 3.6491E-08
2.1714E+03 4.0828E-08
2.1716E+03 5.0763E-08
2.1719E+03 6.9222E-08
2.1721E+03 1.0538E-07
2.1723E+03 5.6298E-07
2.1726E+03 6.7681E-07
2.1728E+03 1.5007E-06
2.1730E+03 2.3733E-05
2.1733E+03 2.9568E-06
2.1735E+03 2.1210E-06
2.1737E+03 1.0191E-05
2.1740E+03 1.1219E-05
2.1742E+03 8.0296E-06
2.1745E+03 9.7402E-05
2.1747E+03 2.1255E-05
2.1749E+03 4.6353E-06
2.1752E+03 3.3974E-06
2.1754E+03 4.5143E-05
2.1756E+03 3.8475E-06
2.1759E+03 5.5214E-06
2.1761E+03 7.6974E-05
2.1763E+03 1.6184E-04
2.1766E+03 7.8204E-06
2.1768E+03 2.3261E-06
2.1771E+03 1.1230E-06
2.1773E+03 7.9704E-07
2.1775E+03 6.0875E-07
2.1778E+03 5.3062E-07
2.1780E+03 5.4715E-07
2.1782E+03 6.7625E-07
2.1785E+03 9.6683E-07
2.1787E+03 1.8380E-06
2.1790E+03 4.7841E-06
2.1792E+03 4.5946E-05
2.1794E+03 3.1122E-05
2.1797E+03 4.9612E-06
2.1799E+03 1.7124E-06
2.1801E+03 1.0958E-06
2.1804E+03 9.0384E-06
2.1806E+03 8.2060E-07
2.1809E+03 3.0012E-06
2.1811E+03 7.2650E-07
2.1813E+03 7.1493E-07
2.1816E+03 9.7272E-07
2.1818E+03 9.0010E-07
2.1820E+03 1.3174E-06
2.1823E+03 2.1047E-06
2.1825E+03 4.4841E-06
2.1828E+03 5.6953E-05
2.1830E+03 1.4826E-05
2.1832E+03 8.5104E-05
2.1835E+03 1.3610E-04
2.1837E+03 1.5817E-05
2.1840E+03 7.3191E-06
2.1842E+03 6.7668E-06
2.1844E+03 1.2332E-05
2.1847E+03 2.7633E-04
2.1849E+03 6.5330E-04
2.1851E+03 4.0871E-05
2.1854E+03 2.6605E-05
2.1856E+03 7.5639E-06
2.1859E+03 3.5531E-06
2.1861E+03 2.0892E-06
2.1863E+03 1.8190E-06
2.1866E+03 2.2725E-06
2.1868E+03 4.5565E-06
2.1871E+03 9.6439E-05
2.1873E+03 1.0962E-05
2.1875E+03 1.1240E-05
2.1878E+03 1.0174E-04
2.1880E+03 1.1970E-05
2.1883E+03 2.3772E-04
2.1885E+03 6.9697E-06
2.1887E+03 4.0929E-06
2.1890E+03 1.7472E-06
2.1892E+03 1.0632E-06
2.1895E+03 1.3281E-06
2.1897E+03 1.0544E-06
2.1899E+03 1.7734E-06
2.1902E+03 4.5140E-06
2.1904E+03 3.7170E-05
2.1907E+03 3.1685E-05
2.1909E+03 4.0345E-06
2.1911E+03 1.4796E-06
2.1914E+03 7.6079E-07
2.1916E+03 4.6928E-07
2.1919E+03 3.6342E-07
2.1921E+03 2.5241E-07
2.1923E+03 5.5611E-07
2.1926E+03 6.5281E-07
2.1928E+03 5.2616E-07
2.1931E+03 2.7271E-07
2.1933E+03 3.5781E-07
2.1935E+03 6.8807E-07
2.1938E+03 1.0732E-06
2.1940E+03 1.9471E-06
2.1943E+03 4.8711E-06
2.1945E+03 2.8176E-05
2.1947E+03 5.8380E-05
2.1950E+03 3.6357E-04
2.1952E+03 8.6168E-06
2.1955E+03 3.1689E-06
2.1957E+03 2.7000E-06
2.1959E+03 1.7887E-06
2.1962E+03 6.8121E-06
2.1964E+03 7.9838E-06
2.1967E+03 1.0091E-04
2.1969E+03 7.2022E-06
2.1972E+03 7.6174E-06
2.1974E+03 1.8972E-05
2.1976E+03 4.4389E-06
2.1979E+03 9.3900E-06
2.1981E+03 5.2290E-05
2.1984E+03 2.4439E-04
2.1986E+03 2.0589E-05
2.1988E+03 6.9206E-06
2.1991E+03 7.6469E-06
2.1993E+03 1.2278E-04
2.1996E+03 6.2733E-06
2.1998E+03 6.9377E-06
2.2001E+03 3.3101E-05
2.2003E+03 2.3955E-06
2.2005E+03 1.0699E-06
2.2008E+03 1.0326E-06
2.2010E+03 3.9194E-06
2.2013E+03 1.2858E-05
2.2015E+03 1.1089E-06
2.2017E+03 4.7437E-07
2.2020E+03 2.2049E-07
2.2022E+03 2.2066E-07
2.2025E+03 2.5606E-07
2.2027E+03 2.9059E-07
2.2030E+03 3.8216E-07
2.2032E+03 5.8984E-07
2.2034E+03 1.1181E-06
2.2037E+03 3.6916E-06
2.2039E+03 2.9842E-05
2.2042E+03 2.3854E-05
2.2044E+03 6.2463E-06
2.2047E+03 1.4368E-05
2.2049E+03 1.0410E-03
2.2051E+03 1.6638E-05
2.2054E+03 3.9640E-06
2.2056E+03 2.0065E-06
2.2059E+03 1.4248E-06
2.2061E+03 1.2453E-06
2.2064E+03 1.7179E-06
2.2066E+03 8.8301E-06
2.2068E+03 4.1449E-05
2.2071E+03 5.5636E-06
2.2073E+03 2.8599E-05
2.2076E+03 1.0432E-04
2.2078E+03 4.9674E-06
2.2081E+03 1.4650E-06
2.2083E+03 7.8822E-07
2.2086E+03 1.0029E-06
2.2088E+03 2.3134E-06
2.2090E+03 1.0623E-06
2.2093E+03 1.7569E-05
2.2095E+03 1.2556E-06
2.2098E+03 7.8573E-07
2.2100E+03 1.2881E-06
2.2103E+03 8.8049E-06
2.2105E+03 1.1150E-05
2.2108E+03 1.2141E-06
2.2110E+03 4.2751E-07
2.2112E+03 2.1707E-07
2.2115E+03 1.4064E-07
2.2117E+03 9.1133E-08
2.2120E+03 3.5030E-08
2.2122E+03 1.8290E-07
2.2125E+03 1.5579E-07
2.2127E+03 3.0131E-05
2.2130E+03 2.2241E-07
2.2132E+03 1.7959E-07
2.2134E+03 2.0481E-07
2.2137E+03 1.1985E-06
2.2139E+03 1.4397E-05
2.2142E+03 1.2188E-06
2.2144E+03 1.7781E-06
2.2147E+03 9.4873E-06
2.2149E+03 1.3182E-04
2.2152E+03 5.1249E-06
2.2154E+03 2.7265E-06
2.2156E+03 5.0662E-06
2.2159E+03 5.7149E-05
2.2161E+03 2.6720E-05
2.2164E+03 3.6722E-06
2.2166E+03 1.4428E-06
2.2169E+03 1.2454E-06
2.2171E+03 2.4825E-07
2.2174E+03 1.7434E-07
2.2176E+03 8.9676E-07
2.2179E+03 9.7415E-07
2.2181E+03 2.7036E-06
2.2184E+03 2.6210E-05
2.2186E+03 4.9875E-07
2.2188E+03 3.6067E-07
2.2191E+03 8.6188E-07
2.2193E+03 4.9854E-07
2.2196E+03 1.5331E-05
2.2198E+03 1.5315E-05
2.2201E+03 2.2702E-05
2.2203E+03 6.7865E-07
2.2206E+03 2.0065E-07
2.2208E+03 1.2798E-07
2.2211E+03 9.4715E-08
2.2213E+03 9.1164E-08
2.2216E+03 1.1624E-07
2.2218E+03 1.5605E-07
2.2220E+03 5.4009E-07
2.2223E+03 6.0857E-07
2.2225E+03 4.4561E-06
2.2228E+03 5.0813E-06
2.2230E+03 1.3731E-05
2.2233E+03 1.0417E-06
2.2235E+03 2.1211E-06
2.2238E+03 2.0523E-06
2.2240E+03 5.4720E-06
2.2243E+03 1.8822E-06
2.2245E+03 6.2447E-07
2.2248E+03 9.2062E-07
2.2250E+03 4.4720E-06
2.2253E+03 6.1077E-05
2.2255E+03 2.6280E-06
2.2258E+03 4.2552E-05
2.2260E+03 1.8660E-06
2.2263E+03 3.7592E-07
2.2265E+03 3.8236E-07
2.2267E+03 3.0718E-06
2.2270E+03 1.2708E-06
2.2272E+03 7.9351E-06
2.2275E+03 1.8860E-07
2.2277E+03 6.6706E-07
2.2280E+03 6.0952E-07
2.2282E+03 8.6803E-08
2.2285E+03 7.1482E-08
2.2287E+03 1.3354E-07
2.2290E+03 4.2079E-08
2.2292E+03 3.3378E-07
2.2295E+03 1.0652E-07
2.2297E+03 7.6297E-08
2.2300E+03 8.9132E-08
2.2302E+03 4.6717E-07
2.2305E+03 8.6722E-08
2.2307E+03 7.3482E-08
2.2310E+03 1.0439E-07
2.2312E+03 9.3982E-09
2.2315E+03 1.4448E-08
2.2317E+03 1.1854E-07
2.2320E+03 7.3352E-08
2.2322E+03 1.2933E-07
2.2325E+03 3.9577E-08
2.2327E+03 3.3634E-08
2.2330E+03 5.9126E-08
2.2332E+03 1.8493E-07
2.2335E+03 1.3376E-06
2.2337E+03 1.9019E-06
2.2340E+03 1.1433E-06
2.2342E+03 2.1459E-07
2.2345E+03 1.3178E-06
2.2347E+03 1.5910E-07
2.2350E+03 2.2051E-07
2.2352E+03 9.1215E-08
2.2355E+03 2.6789E-07
2.2357E+03 3.7009E-06
2.2360E+03 3.5878E-06
2.2362E+03 8.0645E-06
2.2365E+03 6.4958E-07
2.2367E+03 3.6124E-07
2.2370E+03 2.3328E-07
2.2372E+03 1.2201E-07
2.2375E+03 2.1026E-06
2.2377E+03 1.0870E-07
2.2380E+03 2.9472E-07
2.2382E+03 4.5112E-08
2.2385E+03 1.9356E-07
2.2387E+03 2.6019E-06
2.2390E+03 6.1761E-07
2.2392E+03 9.6974E-07
2.2395E+03 7.8140E-08
2.2397E+03 1.1535E-07
2.2400E+03 3.2250E-08
2.2402E+03 1.2482E-08
2.2405E+03 6.0472E-09
2.2407E+03 4.7201E-09
2.2410E+03 9.7755E-09
2.2412E+03 3.7175E-09
2.2415E+03 2.2837E-08
2.2417E+03 6.9441E-09
2.2420E+03 2.6033E-08
2.2422E+03 8.4998E-08
2.2425E+03 1.1965E-07
2.2427E+03 4.6463E-06
2.2430E+03 3.5700E-07
2.2432E+03 1.3077E-06
2.2435E+03 5.1822E-06
2.2437E+03 9.2729E-06
2.2440E+03 7.0565E-07
2.2442E+03 2.2763E-06
2.2445E+03 2.0002E-06
2.2447E+03 3.0513E-07
2.2450E+03 2.4291E-07
2.2452E+03 4.5071E-07
2.2455E+03 6.9652E-08
2.2458E+03 4.7772E-08
2.2460E+03 9.1983E-08
2.2463E+03 1.5415E-07
2.2465E+03 8.1893E-07
2.2468E+03 2.1308E-05
2.2470E+03 1.0595E-06
2.2473E+03 2.4214E-07
2.2475E+03 1.8164E-05
2.2478E+03 3.8808E-07
2.2480E+03 3.3926E-06
2.2483E+03 5.1135E-07
2.2485E+03 2.9443E-07
2.2488E+03 6.7206E-08
2.2490E+03 2.5880E-08
2.2493E+03 1.9946E-08
2.2495E+03 1.2634E-08
2.2498E+03 2.7673E-08
2.2500E+03 3.2622E-07
2.2503E+03 1.9362E-08
2.2506E+03 2.6844E-09
2.2508E+03 3.3843E-10
2.2511E+03 5.3247E-10
2.2513E+03 1.9058E-09
2.2516E+03 1.1191E-08
2.2518E+03 3.5148E-08
2.2521E+03 4.2909E-09
2.2523E+03 8.2651E-09
2.2526E+03 5.0134E-09
2.2528E+03 4.8457E-09
2.2531E+03 1.6530E-08
2.2533E+03 1.0759E-07
2.2536E+03 1.4272E-07
2.2539E+03 2.1165E-07
2.2541E+03 7.9164E-08
2.2544E+03 1.2261E-07
2.2546E+03 7.3630E-07
2.2549E+03 1.4200E-06
2.2551E+03 1.4954E-06
2.2554E+03 1.3080E-06
2.2556E+03 1.8008E-07
2.2559E+03 7.5398E-08
2.2561E+03 7.6335E-08
2.2564E+03 3.2835E-07
2.2566E+03 1.8970E-07
2.2569E+03 1.3384E-07
2.2572E+03 9.6663E-08
2.2574E+03 3.1367E-06
2.2577E+03 2.4195E-07
2.2579E+03 5.8000E-07
2.2582E+03 3.3642E-06
2.2584E+03 3.8643E-08
2.2587E+03 2.3036E-08
2.2589E+03 2.3893E-07
2.2592E+03 7.3729E-08
2.2595E+03 1.8329E-08
2.2597E+03 2.3518E-07
2.2600E+03 2.6407E-08
2.2602E+03 2.4388E-08
2.2605E+03 5.1259E-07
2.2607E+03 1.6782E-07
2.2610E+03 5.3941E-08
2.2612E+03 1.4015E-07
2.2615E+03 3.9176E-07
2.2618E+03 1.8167E-06
2.2620E+03 1.2664E-07
2.2623E+03 6.5077E-08
2.2625E+03 9.3407E-08
2.2628E+03 5.9842E-07
2.2630E+03 8.0829E-08
2.2633E+03 9.3496E-08
2.2635E+03 1.3528E-06
2.2638E+03 1.0401E-07
2.2641E+03 1.3425E-07
2.2643E+03 9.4335E-08
2.2646E+03 1.4117E-07
2.2648E+03 6.7771E-07
2.2651E+03 1.6589E-05
2.2653E+03 4.9756E-07
2.2656E+03 4.2132E-07
2.2659E+03 4.7094E-07
2.2661E+03 3.3207E-07
2.2664E+03 4.4970E-07
2.2666E+03 4.3885E-06
2.2669E+03 3.9395E-07
2.2671E+03 1.7674E-07
2.2674E+03 1.9300E-07
2.2677E+03 3.4999E-06
2.2679E+03 4.6584E-07
2.2682E+03 4.0249E-06
2.2684E+03 9.6481E-07
2.2687E+03 7.9498E-06
2.2689E+03 8.2345E-06
2.2692E+03 4.6187E-06
2.2695E+03 7.5567E-07
2.2697E+03 1.5627E-05
2.2700E+03 3.7141E-08
2.2702E+03 4.5787E-08
2.2705E+03 2.7357E-07
2.2707E+03 5.3007E-08
2.2710E+03 6.3737E-08
2.2713E+03 2.5449E-06
2.2715E+03 1.8207E-07
2.2718E+03 1.9002E-06
2.2720E+03 2.9578E-06
2.2723E+03 8.7391E-07
2.2725E+03 1.1451E-07
2.2728E+03 9.7016E-07
2.2731E+03 2.5487E-07
2.2733E+03 1.9825E-08
2.2736E+03 1.3071E-08
2.2738E+03 2.5654E-08
2.2741E+03 3.2467E-08
2.2744E+03 8.4456E-09
2.2746E+03 4.0663E-08
2.2749E+03 5.7641E-08
2.2751E+03 8.4763E-09
2.2754E+03 6.7110E-08
2.2756E+03 2.1557E-08
2.2759E+03 1.0117E-07
2.2762E+03 1.8047E-06
2.2764E+03 1.3597E-07
2.2767E+03 4.1326E-07
2.2769E+03 2.0118E-07
2.2772E+03 1.0227E-07
2.2775E+03 5.0450E-08
2.2777E+03 4.7020E-08
2.2780E+03 2.4276E-07
2.2782E+03 4.6605E-07
2.2785E+03 8.3403E-08
2.2788E+03 3.6686E-07
2.2790E+03 7.0309E-08
2.2793E+03 4.5750E-07
2.2795E+03 9.0105E-08
2.2798E+03 5.6009E-08
2.2801E+03 2.8785E-07
2.2803E+03 2.8762E-06
2.2806E+03 1.3690E-07
2.2808E+03 1.2855E-06
2.2811E+03 4.2511E-08
2.2814E+03 2.3871E-08
2.2816E+03 5.7133E-06
2.2819E+03 1.5334E-07
2.2821E+03 6.4230E-08
2.2824E+03 1.0433E-07
2.2827E+03 4.6273E-07
2.2829E+03 5.4335E-07
2.2832E+03 4.6330E-06
2.2834E+03 4.4810E-06
2.2837E+03 5.5467E-07
2.2840E+03 1.3896E-06
2.2842E+03 2.4480E-07
2.2845E+03 6.3169E-06
2.2847E+03 1.8605E-07
2.2850E+03 1.2773E-07
2.2853E+03 6.5378E-08
2.2855E+03 2.0701E-08
2.2858E+03 1.1293E-07
2.2861E+03 3.9952E-08
2.2863E+03 2.1966E-07
2.2866E+03 3.6616E-07
2.2868E+03 1.3349E-06
2.2871E+03 4.1889E-07
2.2874E+03 1.9689E-06
2.2876E+03 3.3385E-07
2.2879E+03 7.8837E-08
2.2881E+03 3.6463E-08
2.2884E+03 5.4002E-08
2.2887E+03 5.7470E-06
2.2889E+03 8.3693E-08
2.2892E+03 1.1420E-07
2.2895E+03 2.9599E-08
2.2897E+03 3.7543E-08
2.2900E+03 9.3944E-08
2.2902E+03 9.3874E-07
2.2905E+03 8.1223E-07
2.2908E+03 8.5823E-07
2.2910E+03 2.3048E-06
2.2913E+03 9.4729E-05
2.2916E+03 4.7313E-06
2.2918E+03 6.5795E-06
2.2921E+03 2.3695E-05
2.2923E+03 2.1950E-06
2.2926E+03 5.3763E-07
2.2929E+03 2.6357E-07
2.2931E+03 1.6564E-07
2.2934E+03 6.6079E-08
2.2937E+03 1.8644E-06
2.2939E+03 7.5934E-06
2.2942E+03 6.0589E-07
2.2944E+03 2.4717E-06
2.2947E+03 1.0850E-05
2.2950E+03 1.3074E-04
2.2952E+03 1.7282E-05
2.2955E+03 9.7093E-05
2.2958E+03 1.4802E-05
2.2960E+03 2.9003E-06
2.2963E+03 1.4527E-06
2.2966E+03 4.6224E-06
2.2968E+03 5.1455E-06
2.2971E+03 1.1521E-06
2.2973E+03 3.6819E-07
2.2976E+03 1.6535E-07
2.2979E+03 2.8727E-07
2.2981E+03 1.7634E-05
2.2984E+03 1.0031E-06
2.2987E+03 2.5980E-07
2.2989E+03 4.5749E-07
2.2992E+03 6.7814E-05
2.2995E+03 9.5216E-07
2.2997E+03 1.3694E-07
2.3000E+03 9.0495E-08
2.3003E+03 1.3751E-07
2.3005E+03 7.9033E-07
2.3008E+03 1.0436E-05
2.3010E+03 1.6636E-06
2.3013E+03 9.5826E-07
2.3016E+03 7.4249E-06
2.3018E+03 4.3110E-07
2.3021E+03 3.7377E-07
2.3024E+03 1.0461E-06
2.3026E+03 1.6238E-05
2.3029E+03 5.3372E-07
2.3032E+03 2.0275E-07
2.3034E+03 1.7489E-07
2.3037E+03 3.0240E-07
2.3040E+03 1.3972E-06
2.3042E+03 9.1900E-06
2.3045E+03 6.7571E-06
2.3048E+03 7.6676E-07
2.3050E+03 2.7906E-07
2.3053E+03 3.2330E-07
2.3056E+03 3.3430E-06
2.3058E+03 1.2522E-06
2.3061E+03 3.0142E-07
2.3064E+03 5.7246E-07
2.3066E+03 1.1620E-05
2.3069E+03 8.4095E-07
2.3072E+03 1.3106E-07
2.3074E+03 1.1399E-06
2.3077E+03 5.2281E-07
2.3079E+03 5.4725E-08
2.3082E+03 4.5983E-06
2.3085E+03 4.5351E-08
2.3087E+03 6.8467E-07
2.3090E+03 4.1840E-07
2.3093E+03 1.1245E-06
2.3095E+03 1.0490E-05
2.3098E+03 8.4467E-06
2.3101E+03 6.9659E-06
2.3103E+03 1.3405E-06
2.3106E+03 1.6367E-06
2.3109E+03 8.6576E-07
2.3112E+03 1.2197E-06
2.3114E+03 3.8796E-06
2.3117E+03 5.9473E-05
2.3120E+03 1.4511E-05
2.3122E+03 5.4650E-07
2.3125E+03 2.1177E-07
2.3128E+03 1.2220E-07
2.3130E+03 1.2142E-07
2.3133E+03 1.1248E-07
2.3136E+03 1.8599E-07
2.3138E+03 3.8315E-08
2.3141E+03 1.7164E-07
2.3144E+03 4.3924E-07
2.3146E+03 4.0047E-06
2.3149E+03 1.1540E-05
2.3152E+03 3.2568E-06
2.3154E+03 7.1834E-07
2.3157E+03 9.5354E-07
2.3160E+03 9.0304E-07
2.3162E+03 2.2912E-06
2.3165E+03 4.7906E-05
2.3168E+03 6.2828E-06
2.3170E+03 6.2158E-06
2.3173E+03 3.1014E-06
2.3176E+03 2.4931E-06
2.3178E+03 1.7721E-06
2.3181E+03 1.3925E-05
2.3184E+03 1.3699E-05
2.3187E+03 2.2736E-06
2.3189E+03 6.5521E-07
2.3192E+03 3.2692E-07
2.3195E+03 2.1276E-07
2.3197E+03 2.5335E-07
2.3200E+03 2.6653E-06
2.3203E+03 1.2494E-06
2.3205E+03 2.9687E-06
2.3208E+03 1.6787E-06
2.3211E+03 2.9623E-06
2.3213E+03 5.8619E-06
2.3216E+03 1.9027E-05
2.3219E+03 3.1712E-04
2.3222E+03 5.2965E-05
2.3224E+03 2.7370E-05
2.3227E+03 5.9904E-04
2.3230E+03 3.9564E-05
2.3232E+03 3.0175E-04
2.3235E+03 2.0749E-05
2.3238E+03 1.7146E-05
2.3240E+03 1.3143E-04
2.3243E+03 4.0559E-06
2.3246E+03 2.1534E-06
2.3249E+03 4.0664E-07
2.3251E+03 2.2736E-07
2.3254E+03 1.4674E-07
2.3257E+03 1.1221E-07
2.3259E+03 2.0970E-07
2.3262E+03 1.0036E-07
2.3265E+03 2.2584E-06
2.3267E+03 6.6549E-08
2.3270E+03 1.1365E-07
2.3273E+03 1.9487E-07
2.3276E+03 9.6149E-07
2.3278E+03 5.9228E-05
2.3281E+03 2.9332E-06
2.3284E+03 1.6663E-05
2.3286E+03 1.1027E-05
2.3289E+03 1.4419E-06
2.3292E+03 2.9863E-06
2.3295E+03 4.0990E-07
2.3297E+03 2.0005E-07
2.3300E+03 8.6355E-07
2.3303E+03 2.3556E-06
2.3305E+03 5.6987E-05
2.3308E+03 4.4307E-06
2.3311E+03 1.4570E-05
2.3314E+03 1.3287E-05
2.3316E+03 6.2072E-05
2.3319E+03 3.1861E-06
2.3322E+03 1.2528E-05
2.3324E+03 6.5530E-07
2.3327E+03 3.5785E-06
2.3330E+03 7.5427E-07
2.3333E+03 3.2166E-07
2.3335E+03 7.4185E-07
2.3338E+03 1.0783E-07
2.3341E+03 4.5626E-07
2.3343E+03 8.5061E-06
2.3346E+03 1.3640E-06
2.3349E+03 4.7841E-06
2.3352E+03 1.6283E-04
2.3354E+03 4.6935E-06
2.3357E+03 1.7626E-06
2.3360E+03 2.0882E-06
2.3363E+03 1.7617E-07
2.3365E+03 1.0918E-07
2.3368E+03 4.0502E-07
2.3371E+03 4.3872E-07
2.3373E+03 2.0471E-06
2.3376E+03 7.1252E-07
2.3379E+03 1.0963E-06
2.3382E+03 2.1095E-06
2.3384E+03 8.4988E-06
2.3387E+03 3.7951E-05
2.3390E+03 7.0632E-05
2.3393E+03 8.5224E-06
2.3395E+03 6.5846E-06
2.3398E+03 3.4639E-05
2.3401E+03 2.5891E-05
2.3404E+03 6.2648E-04
2.3406E+03 2.5265E-05
2.3409E+03 2.0526E-05
2.3412E+03 6.0016E-04
2.3415E+03 2.2038E-05
2.3417E+03 3.1786E-05
2.3420E+03 1.0344E-03
2.3423E+03 5.4221E-05
2.3426E+03 1.2083E-05
2.3428E+03 4.9943E-06
2.3431E+03 2.6275E-06
2.3434E+03 1.6778E-06
2.3436E+03 1.4079E-06
2.3439E+03 9.7388E-07
2.3442E+03 1.7049E-06
2.3445E+03 4.2267E-06
2.3447E+03 3.4340E-05
2.3450E+03 8.7621E-04
2.3453E+03 1.6739E-05
2.3456E+03 2.3452E-05
2.3458E+03 3.0190E-06
2.3461E+03 2.9080E-06
2.3464E+03 1.5656E-05
2.3467E+03 2.0354E-06
2.3469E+03 4.0342E-06
2.3472E+03 1.1292E-04
2.3475E+03 1.4537E-05
2.3478E+03 2.3440E-05
2.3481E+03 2.1682E-06
2.3483E+03 1.8849E-06
2.3486E+03 3.7181E-06
2.3489E+03 3.1480E-06
2.3492E+03 5.5785E-06
2.3494E+03 1.8391E-05
2.3497E+03 4.6540E-04
2.3500E+03 4.3336E-05
2.3503E+03 1.0483E-05
2.3505E+03 1.6466E-05
2.3508E+03 4.1004E-05
2.3511E+03 1.9479E-05
2.3514E+03 5.2363E-05
2.3516E+03 3.9434E-03
2.3519E+03 9.6841E-05
2.3522E+03 1.6691E-04
2.3525E+03 4.6134E-03
2.3527E+03 2.0916E-04
2.3530E+03 3.7535E-05
2.3533E+03 1.7200E-05
2.3536E+03 9.6055E-06
2.3539E+03 6.1799E-06
2.3541E+03 1.7335E-05
2.3544E+03 1.0012E-06
2.3547E+03 2.0303E-07
2.3550E+03 9.9044E-08
2.3552E+03 5.1757E-07
2.3555E+03 7.9210E-07
2.3558E+03 1.0959E-06
2.3561E+03 1.9732E-06
2.3564E+03 8.4728E-06
2.3566E+03 1.7964E-05
2.3569E+03 6.9701E-04
2.3572E+03 1.4896E-05
2.3575E+03 5.9376E-06
2.3577E+03 6.0748E-06
2.3580E+03 9.1257E-06
2.3583E+03 3.8675E-05
2.3586E+03 7.8816E-04
2.3589E+03 2.1929E-05
2.3591E+03 6.2563E-06
2.3594E+03 2.9628E-06
2.3597E+03 1.8112E-06
2.3600E+03 1.6037E-06
2.3602E+03 1.2979E-05
2.3605E+03 3.2876E-06
2.3608E+03 3.8404E-07
2.3611E+03 3.9085E-07
2.3614E+03 4.9093E-07
2.3616E+03 2.4286E-06
2.3619E+03 2.8703E-06
2.3622E+03 1.7924E-06
2.3625E+03 2.7278E-05
2.3628E+03 3.7172E-06
2.3630E+03 8.4960E-06
2.3633E+03 1.2086E-04
2.3636E+03 3.0676E-05
2.3639E+03 4.3105E-04
2.3641E+03 9.5507E-05
2.3644E+03 1.3418E-05
2.3647E+03 5.1258E-06
2.3650E+03 2.8694E-06
2.3653E+03 1.7872E-06
2.3655E+03 2.4476E-06
2.3658E+03 1.6367E-06
2.3661E+03 2.5548E-06
2.3664E+03 4.5202E-06
2.3667E+03 1.0415E-05
2.3669E+03 4.1094E-05
2.3672E+03 2.7149E-03
2.3675E+03 4.3886E-05
2.3678E+03 1.8190E-05
2.3681E+03 2.6396E-05
2.3683E+03 4.3050E-05
2.3686E+03 6.0018E-05
2.3689E+03 1.1911E-03
2.3692E+03 7.2258E-05
2.3695E+03 1.7957E-05
2.3698E+03 1.2320E-05
2.3700E+03 1.5249E-05
2.3703E+03 2.9108E-05
2.3706E+03 6.0407E-04
2.3709E+03 7.0679E-05
2.3712E+03 1.6275E-04
2.3714E+03 2.0573E-03
2.3717E+03 2.3423E-04
2.3720E+03 2.7674E-05
2.3723E+03 1.3634E-05
2.3726E+03 9.4739E-06
2.3728E+03 4.2861E-05
2.3731E+03 3.2453E-05
2.3734E+03 4.1404E-06
2.3737E+03 1.9959E-06
2.3740E+03 1.2575E-06
2.3743E+03 2.6004E-06
2.3745E+03 1.1071E-06
2.3748E+03 1.7731E-06
2.3751E+03 2.8763E-06
2.3754E+03 3.9321E-06
2.3757E+03 7.3175E-06
2.3759E+03 1.6956E-05
2.3762E+03 9.9762E-05
2.3765E+03 2.8718E-04
2.3768E+03 1.1022E-04
2.3771E+03 3.7228E-05
2.3774E+03 5.1912E-04
2.3776E+03 6.5656E-05
2.3779E+03 2.2245E-04
2.3782E+03 1.3687E-02
2.3785E+03 2.4630E-04
2.3788E+03 6.2095E-05
2.3791E+03 3.0410E-05
2.3793E+03 2.6096E-05
2.3796E+03 2.5633E-04
2.3799E+03 3.3382E-05
2.3802E+03 6.3334E-05
2.3805E+03 1.0205E-04
2.3808E+03 3.3925E-04
2.3810E+03 4.9271E-05
2.3813E+03 1.2279E-05
2.3816E+03 7.9650E-06
2.3819E+03 9.8511E-06
2.3822E+03 1.0302E-04
2.3825E+03 1.0654E-04
2.3827E+03 6.2721E-05
2.3830E+03 8.3386E-05
2.3833E+03 1.1059E-03
2.3836E+03 2.4653E-04
2.3839E+03 6.0730E-04
2.3842E+03 1.1129E-03
2.3844E+03 8.9521E-04
2.3847E+03 6.8986E-05
2.3850E+03 3.7998E-05
2.3853E+03 4.6146E-05
2.3856E+03 7.4910E-05
2.3859E+03 7.2503E-04
2.3862E+03 3.6453E-04
2.3864E+03 6.3093E-05
2.3867E+03 2.8537E-05
2.3870E+03 2.3433E-05
2.3873E+03 3.0161E-05
2.3876E+03 5.5728E-05
2.3879E+03 1.9852E-04
2.3881E+03 1.2390E-02
2.3884E+03 2.1049E-04
2.3887E+03 6.6638E-05
2.3890E+03 2.9128E-05
2.3893E+03 2.6326E-05
2.3896E+03 1.0917E-05
2.3899E+03 1.7119E-05
2.3901E+03 1.6137E-05
2.3904E+03 2.6738E-05
2.3907E+03 6.3031E-05
2.3910E+03 1.4455E-04
2.3913E+03 5.9597E-04
2.3916E+03 3.8213E-03
2.3919E+03 2.0808E-04
2.3921E+03 6.9894E-05
2.3924E+03 2.0227E-04
2.3927E+03 2.7427E-05
2.3930E+03 1.4942E-05
2.3933E+03 1.1196E-05
2.3936E+03 3.7560E-06
2.3939E+03 9.1598E-06
2.3941E+03 3.2534E-05
2.3944E+03 9.0463E-04
2.3947E+03 2.5841E-05
2.3950E+03 1.2649E-05
2.3953E+03 8.9468E-06
2.3956E+03 1.3049E-05
2.3959E+03 4.3760E-05
2.3962E+03 3.9523E-05
2.3964E+03 1.3645E-04
2.3967E+03 7.3213E-03
2.3970E+03 2.3138E-04
2.3973E+03 1.2910E-03
2.3976E+03 8.4579E-05
2.3979E+03 2.5403E-05
2.3982E+03 1.4328E-05
2.3985E+03 1.5402E-05
2.3987E+03 1.6260E-05
2.3990E+03 6.7416E-06
2.3993E+03 6.6258E-06
2.3996E+03 9.2968E-06
2.3999E+03 2.3736E-05
2.4002E+03 1.5092E-04
2.4005E+03 4.2510E-04
2.4008E+03 3.5797E-05
2.4010E+03 1.3830E-05
2.4013E+03 1.1626E-05
2.4016E+03 4.5980E-05
2.4019E+03 6.9935E-05
2.4022E+03 1.1987E-05
2.4025E+03 1.2083E-05
2.4028E+03 1.4237E-05
2.4031E+03 1.9281E-05
2.4034E+03 3.2607E-05
2.4036E+03 6.8769E-05
2.4039E+03 2.4116E-04
2.4042E+03 8.3301E-03
2.4045E+03 5.6670E-04
2.4048E+03 1.0576E-04
2.4051E+03 4.9804E-05
2.4054E+03 3.6938E-05
2.4057E+03 4.1468E-05
2.4060E+03 1.4782E-04
2.4062E+03 1.6676E-04
2.4065E+03 1.1290E-04
2.4068E+03 7.0646E-04
2.4071E+03 8.5033E-04
2.4074E+03 2.2893E-04
2.4077E+03 5.4351E-03
2.4080E+03 1.6298E-04
2.4083E+03 5.6636E-05
2.4086E+03 3.0279E-05
2.4089E+03 2.6604E-05
2.4091E+03 2.9154E-05
2.4094E+03 6.9473E-05
2.4097E+03 6.9636E-04
2.4100E+03 1.1100E-03
2.4103E+03 7.6003E-04
2.4106E+03 4.4886E-05
2.4109E+03 3.0403E-05
2.4112E+03 4.1169E-05
2.4115E+03 1.3521E-04
2.4118E+03 4.4812E-03
2.4121E+03 1.5615E-04
2.4123E+03 6.5914E-04
2.4126E+03 3.9952E-05
2.4129E+03 2.7929E-05
2.4132E+03 3.3184E-05
2.4135E+03 7.9947E-05
2.4138E+03 7.7127E-04
2.4141E+03 4.0164E-04
2.4144E+03 5.2243E-03
2.4147E+03 2.3207E-04
2.4150E+03 1.2946E-04
2.4153E+03 1.6760E-04
2.4155E+03 4.4270E-04
2.4158E+03 7.2958E-03
2.4161E+03 2.4871E-02
2.4164E+03 9.6651E-04
2.4167E+03 2.5612E-04
2.4170E+03 1.2698E-04
2.4173E+03 1.1058E-04
2.4176E+03 1.1855E-04
2.4179E+03 1.7526E-04
2.4182E+03 4.1134E-04
2.4185E+03 4.3352E-03
2.4188E+03 1.6374E-03
2.4191E+03 4.5671E-03
2.4193E+03 2.1045E-03
2.4196E+03 1.3668E-03
2.4199E+03 2.2713E-04
2.4202E+03 1.4604E-04
2.4205E+03 7.3232E-05
2.4208E+03 5.7609E-05
2.4211E+03 2.8096E-05
2.4214E+03 1.7113E-05
2.4217E+03 4.2234E-05
2.4220E+03 7.5234E-04
2.4223E+03 9.5966E-05
2.4226E+03 2.4404E-05
2.4229E+03 1.7718E-05
2.4232E+03 2.3339E-05
2.4234E+03 4.1365E-05
2.4237E+03 1.4067E-04
2.4240E+03 1.8128E-03
2.4243E+03 3.1192E-04
2.4246E+03 7.0355E-05
2.4249E+03 7.2945E-05
2.4252E+03 1.7660E-04
2.4255E+03 4.7073E-05
2.4258E+03 7.2675E-05
2.4261E+03 2.6336E-04
2.4264E+03 8.6034E-03
2.4267E+03 2.2815E-04
2.4270E+03 6.0205E-05
2.4273E+03 2.7476E-05
2.4276E+03 1.5745E-05
2.4279E+03 1.0656E-05
2.4282E+03 9.5308E-06
2.4285E+03 6.3948E-06
2.4287E+03 5.7514E-06
2.4290E+03 1.0980E-05
2.4293E+03 1.6004E-05
2.4296E+03 1.7798E-06
2.4299E+03 9.1501E-07
2.4302E+03 1.7460E-06
2.4305E+03 1.4067E-05
2.4308E+03 1.1501E-05
2.4311E+03 2.8908E-06
2.4314E+03 9.7755E-05
2.4317E+03 9.5162E-06
2.4320E+03 5.4210E-05
2.4323E+03 2.2430E-05
2.4326E+03 5.9522E-05
2.4329E+03 1.8527E-04
2.4332E+03 5.9881E-04
2.4335E+03 1.2499E-03
2.4338E+03 1.9877E-04
2.4341E+03 1.8948E-04
2.4344E+03 2.7949E-04
2.4347E+03 6.4571E-04
2.4350E+03 1.5408E-03
2.4353E+03 7.7734E-03
2.4355E+03 1.5101E-02
2.4358E+03 1.8596E-03
2.4361E+03 1.2762E-02
2.4364E+03 2.5199E-03
2.4367E+03 1.4843E-03
2.4370E+03 3.2137E-04
2.4373E+03 1.6312E-04
2.4376E+03 5.8375E-05
2.4379E+03 3.8236E-05
2.4382E+03 3.0956E-05
2.4385E+03 2.0453E-05
2.4388E+03 8.0378E-06
2.4391E+03 6.1484E-06
2.4394E+03 2.8633E-07
2.4397E+03 6.4654E-07
2.4400E+03 1.1913E-05
2.4403E+03 2.4138E-06
2.4406E+03 3.7853E-07
2.4409E+03 2.4929E-06
2.4412E+03 3.6113E-06
2.4415E+03 6.3904E-06
2.4418E+03 1.5833E-04
2.4421E+03 1.4209E-05
2.4424E+03 3.2443E-05
2.4427E+03 1.9303E-04
2.4430E+03 5.8594E-04
2.4433E+03 1.6564E-04
2.4436E+03 5.7454E-05
2.4439E+03 1.6039E-04
2.4442E+03 6.2410E-05
2.4445E+03 8.0861E-05
2.4448E+03 1.2047E-04
2.4451E+03 2.1868E-04
2.4454E+03 3.8709E-04
2.4457E+03 1.1577E-03
2.4460E+03 1.1136E-02
2.4463E+03 6.4234E-03
2.4466E+03 9.9231E-04
2.4469E+03 5.8833E-04
2.4472E+03 3.2394E-03
2.4475E+03 1.2266E-03
2.4478E+03 4.1132E-04
2.4481E+03 6.7909E-03
2.4484E+03 2.5520E-04
2.4487E+03 1.1969E-04
2.4490E+03 1.1014E-04
2.4493E+03 1.3914E-04
2.4496E+03 2.2324E-04
2.4499E+03 6.3006E-04
2.4502E+03 1.0080E-02
2.4505E+03 1.3549E-03
2.4508E+03 1.3262E-03
2.4511E+03 2.6929E-03
2.4514E+03 5.6870E-02
2.4517E+03 1.8789E-03
2.4520E+03 1.1317E-03
2.4523E+03 2.8993E-04
2.4526E+03 6.5647E-04
2.4529E+03 1.4427E-04
2.4532E+03 2.0647E-04
2.4535E+03 2.4354E-04
2.4538E+03 4.4027E-03
2.4541E+03 3.5003E-04
2.4544E+03 7.2690E-04
2.4547E+03 2.6617E-02
2.4550E+03 6.6873E-04
2.4553E+03 1.7644E-04
2.4556E+03 8.0854E-05
2.4559E+03 4.7460E-05
2.4562E+03 7.5125E-05
2.4565E+03 4.6760E-05
2.4568E+03 5.4729E-05
2.4571E+03 2.8047E-05
2.4574E+03 2.6443E-06
2.4577E+03 1.7936E-06
2.4580E+03 1.3462E-05
2.4583E+03 2.0592E-06
2.4586E+03 1.6642E-05
2.4589E+03 5.3640E-06
2.4592E+03 4.4477E-05
2.4595E+03 4.2827E-05
2.4598E+03 4.6448E-05
2.4601E+03 1.5466E-05
2.4604E+03 3.3037E-05
2.4607E+03 4.4263E-05
2.4610E+03 6.2566E-05
2.4613E+03 3.7606E-04
2.4616E+03 4.2819E-04
2.4619E+03 2.5300E-04
2.4622E+03 6.1842E-04
2.4625E+03 3.9793E-03
2.4628E+03 3.4316E-02
2.4631E+03 1.2872E-03
2.4634E+03 5.1024E-04
2.4638E+03 3.0472E-04
2.4641E+03 2.0470E-04
2.4644E+03 2.6365E-03
2.4647E+03 2.5313E-04
2.4650E+03 7.9442E-05
2.4653E+03 4.8043E-05
2.4656E+03 2.9186E-05
2.4659E+03 7.5969E-05
2.4662E+03 1.1434E-04
2.4665E+03 3.3519E-05
2.4668E+03 4.2486E-05
2.4671E+03 7.6855E-05
2.4674E+03 2.2753E-04
2.4677E+03 2.9933E-03
2.4680E+03 8.7683E-04
2.4683E+03 1.7964E-04
2.4686E+03 1.7337E-03
2.4689E+03 8.5036E-04
2.4692E+03 4.3551E-05
2.4695E+03 2.1495E-05
2.4698E+03 1.0314E-04
2.4701E+03 2.5301E-04
2.4704E+03 2.6616E-04
2.4708E+03 2.6823E-04
2.4711E+03 4.1498E-04
2.4714E+03 7.0331E-04
2.4717E+03 1.5572E-03
2.4720E+03 6.2480E-03
2.4723E+03 1.6645E-01
2.4726E+03 6.1787E-03
2.4729E+03 3.3192E-02
2.4732E+03 6.0091E-03
2.4735E+03 8.7511E-04
2.4738E+03 5.2549E-04
2.4741E+03 2.9424E-04
2.4744E+03 2.1297E-04
2.4747E+03 1.3978E-04
2.4750E+03 8.1320E-04
2.4753E+03 6.6899E-04
2.4756E+03 1.2798E-03
2.4760E+03 6.8217E-05
2.4763E+03 4.3875E-05
2.4766E+03 2.4970E-05
2.4769E+03 4.0280E-05
2.4772E+03 2.3614E-04
2.4775E+03 2.6127E-03
2.4778E+03 1.9931E-04
2.4781E+03 3.5719E-04
2.4784E+03 5.4837E-04
2.4787E+03 1.7013E-03
2.4790E+03 3.1643E-04
2.4793E+03 2.6551E-04
2.4796E+03 9.5210E-04
2.4799E+03 7.5933E-04
2.4803E+03 1.0324E-03
2.4806E+03 1.7018E-02
2.4809E+03 9.5203E-04
2.4812E+03 1.1850E-03
2.4815E+03 1.8436E-02
2.4818E+03 1.4522E-03
2.4821E+03 4.8388E-04
2.4824E+03 3.7132E-04
2.4827E+03 4.4020E-04
2.4830E+03 4.1298E-04
2.4833E+03 1.1972E-03
2.4836E+03 1.4056E-03
2.4839E+03 5.3117E-03
2.4843E+03 1.6075E-01
2.4846E+03 5.3699E-03
2.4849E+03 1.3772E-03
2.4852E+03 6.6858E-04
2.4855E+03 4.2396E-04
2.4858E+03 3.4732E-04
2.4861E+03 7.0114E-04
2.4864E+03 5.0183E-04
2.4867E+03 1.6998E-03
2.4870E+03 2.1952E-03
2.4873E+03 1.3573E-03
2.4877E+03 6.4610E-03
2.4880E+03 3.6108E-02
2.4883E+03 3.3557E-03
2.4886E+03 4.7016E-03
2.4889E+03 7.9802E-04
2.4892E+03 9.6135E-04
2.4895E+03 3.7084E-03
2.4898E+03 4.3083E-04
2.4901E+03 2.5116E-03
2.4904E+03 1.0025E-02
2.4908E+03 5.1379E-04
2.4911E+03 1.7677E-03
2.4914E+03 5.7835E-04
2.4917E+03 9.8112E-04
2.4920E+03 1.2676E-02
2.4923E+03 3.4530E-03
2.4926E+03 9.4825E-04
2.4929E+03 8.8800E-04
2.4932E+03 1.5009E-03
2.4935E+03 1.2710E-03
2.4939E+03 1.2532E-03
2.4942E+03 3.0915E-03
2.4945E+03 2.1575E-02
2.4948E+03 3.1787E-02
2.4951E+03 5.8401E-03
2.4954E+03 3.9658E-03
2.4957E+03 9.8959E-04
2.4960E+03 6.1517E-04
2.4963E+03 9.9943E-04
2.4967E+03 4.7837E-03
2.4970E+03 6.5029E-04
2.4973E+03 3.4279E-04
2.4976E+03 7.7024E-04
2.4979E+03 3.2737E-04
2.4982E+03 3.1865E-02
2.4985E+03 1.4256E-04
2.4988E+03 1.5393E-04
2.4992E+03 4.5390E-03
2.4995E+03 3.4276E-04
2.4998E+03 1.1711E-03
2.5001E+03 1.4906E-04
2.5004E+03 1.5481E-04
2.5007E+03 7.1743E-03
2.5010E+03 2.3751E-04
2.5013E+03 3.7100E-04
2.5017E+03 4.4878E-04
2.5020E+03 7.4474E-04
2.5023E+03 8.5211E-04
2.5026E+03 2.0997E-03
2.5029E+03 1.2001E-02
2.5032E+03 4.7005E-02
2.5035E+03 3.4700E-03
2.5038E+03 1.2987E-03
2.5042E+03 9.5049E-04
2.5045E+03 3.3414E-03
2.5048E+03 2.8085E-03
2.5051E+03 1.2443E-03
2.5054E+03 2.8618E-03
2.5057E+03 3.7403E-02
2.5060E+03 1.4311E-02
2.5064E+03 7.4962E-03
2.5067E+03 7.1487E-03
2.5070E+03 6.2950E-04
2.5073E+03 2.7483E-04
2.5076E+03 2.0630E-04
2.5079E+03 2.1129E-04
2.5082E+03 3.3973E-04
2.5086E+03 1.0113E-03
2.5089E+03 3.6106E-03
2.5092E+03 1.7138E-03
2.5095E+03 5.0596E-03
2.5098E+03 6.7939E-04
2.5101E+03 8.3621E-04
2.5104E+03 2.0016E-03
2.5108E+03 3.5893E-02
2.5111E+03 4.1921E-02
2.5114E+03 6.4208E-03
2.5117E+03 1.5117E-03
2.5120E+03 3.9412E-02
2.5123E+03 1.4455E-03
2.5127E+03 1.6725E-02
2.5130E+03 1.5559E-03
2.5133E+03 7.3852E-03
2.5136E+03 6.1294E-04
2.5139E+03 3.6209E-04
2.5142E+03 5.0491E-04
2.5146E+03 2.9718E-03
2.5149E+03 1.5629E-02
2.5152E+03 1.3317E-02
2.5155E+03 7.2362E-03
2.5158E+03 1.7119E-02
2.5161E+03 7.9525E-03
2.5165E+03 8.0325E-02
2.5168E+03 5.8494E-03
2.5171E+03 1.9341E-02
2.5174E+03 2.5024E-02
2.5177E+03 1.6125E-02
2.5180E+03 2.8283E-03
2.5184E+03 2.6250E-03
2.5187E+03 1.6638E-03
2.5190E+03 2.8654E-03
2.5193E+03 2.5479E-02
2.5196E+03 1.4824E-02
2.5199E+03 2.2878E-03
2.5203E+03 1.9461E-03
2.5206E+03 2.2996E-03
2.5209E+03 5.5141E-04
2.5212E+03 5.3773E-04
2.5215E+03 4.0892E-04
2.5218E+03 9.3468E-04
2.5222E+03 3.3765E-02
2.5225E+03 2.0606E-03
2.5228E+03 4.3273E-02
2.5231E+03 1.1220E-03
2.5234E+03 1.9625E-03
2.5238E+03 1.1483E-02
2.5241E+03 4.7502E-02
2.5244E+03 1.0920E-02
2.5247E+03 4.5941E-03
2.5250E+03 1.9254E-03
2.5253E+03 1.6916E-02
2.5257E+03 6.0693E-03
2.5260E+03 2.7192E-03
2.5263E+03 2.4941E-02
2.5266E+03 6.2020E-03
2.5269E+03 6.8532E-03
2.5273E+03 2.2220E-01
2.5276E+03 5.3244E-03
2.5279E+03 2.6986E-03
2.5282E+03 2.1758E-02
2.5285E+03 3.7822E-03
2.5289E+03 2.3057E-03
2.5292E+03 5.1810E-03
2.5295E+03 3.2642E-02
2.5298E+03 3.4939E-02
2.5301E+03 4.3030E-02
2.5305E+03 5.4425E-03
2.5308E+03 6.4939E-03
2.5311E+03 1.9899E-02
2.5314E+03 6.7291E-02
2.5317E+03 3.5544E-01
2.5321E+03 2.3417E-02
2.5324E+03 1.0396E-02
2.5327E+03 5.1912E-02
2.5330E+03 2.5786E-02
2.5333E+03 1.2194E-01
2.5337E+03 1.0336E-02
2.5340E+03 4.0049E-03
2.5343E+03 2.4221E-03
2.5346E+03 3.5223E-03
2.5350E+03 8.1029E-03
2.5353E+03 3.5103E-01
2.5356E+03 1.5052E-02
2.5359E+03 3.4212E-02
2.5362E+03 8.7445E-01
2.5366E+03 1.2546E-01
2.5369E+03 1.9794E-02
2.5372E+03 8.0491E-03
2.5375E+03 6.9875E-03
2.5378E+03 8.2378E-03
2.5382E+03 2.8104E-03
2.5385E+03 7.3041E-03
2.5388E+03 8.5528E-03
2.5391E+03 7.8236E-02
2.5395E+03 7.2730E-03
2.5398E+03 1.2380E-03
2.5401E+03 6.3830E-04
2.5404E+03 9.6994E-04
2.5407E+03 4.0249E-03
2.5411E+03 9.0490E-03
2.5414E+03 7.8015E-03
2.5417E+03 2.6597E-02
2.5420E+03 3.0956E-02
2.5424E+03 1.3286E-02
2.5427E+03 5.5844E-02
2.5430E+03 1.8127E-01
2.5433E+03 8.0368E-02
2.5437E+03 1.9356E-02
2.5440E+03 4.4165E-02
2.5443E+03 7.4024E-02
2.5446E+03 3.4694E-02
2.5450E+03 6.3789E-01
2.5453E+03 2.6026E-02
2.5456E+03 1.5173E-02
2.5459E+03 1.1002E-02
2.5462E+03 5.4237E-03
2.5466E+03 6.5698E-03
2.5469E+03 1.0767E-02
2.5472E+03 2.8836E-02
2.5475E+03 2.7651E-01
2.5479E+03 1.4697E-01
2.5482E+03 4.9136E-01
2.5485E+03 1.5813E-01
2.5488E+03 1.3904E-01
2.5492E+03 1.7908E-02
2.5495E+03 7.4727E-03
2.5498E+03 7.3009E-03
2.5501E+03 1.0954E-02
2.5505E+03 2.3701E-02
2.5508E+03 1.8294E-01
2.5511E+03 2.2477E-01
2.5514E+03 2.5022E-02
2.5518E+03 1.4294E-02
2.5521E+03 1.5918E-02
2.5524E+03 4.1649E-02
2.5527E+03 3.0101E+00
2.5531E+03 8.8706E-02
2.5534E+03 1.0786E+00
2.5537E+03 2.5348E-02
2.5540E+03 5.3386E-03
2.5544E+03 2.7221E-03
2.5547E+03 3.7056E-03
2.5550E+03 8.1155E-03
2.5554E+03 2.7301E-03
2.5557E+03 3.3619E-03
2.5560E+03 1.4191E-03
2.5563E+03 2.1529E-04
2.5567E+03 8.2293E-04
2.5570E+03 3.8234E-04
2.5573E+03 2.1472E-03
2.5576E+03 1.6507E-03
2.5580E+03 1.4325E-03
2.5583E+03 2.3984E-03
2.5586E+03 5.2576E-03
2.5590E+03 7.4775E-03
2.5593E+03 1.3527E-02
2.5596E+03 2.7243E-02
2.5599E+03 1.4689E-01
2.5603E+03 2.3882E-01
2.5606E+03 4.4235E-01
2.5609E+03 1.5995E-01
2.5612E+03 2.6350E+00
2.5616E+03 4.9144E-01
2.5619E+03 1.0231E-01
2.5622E+03 8.1640E-02
2.5626E+03 5.3678E-01
2.5629E+03 8.1873E+00
2.5632E+03 1.7898E-01
2.5635E+03 5.9483E-02
2.5639E+03 6.3285E-02
2.5642E+03 2.0033E-01
2.5645E+03 2.9091E+00
2.5649E+03 2.2953E-01
2.5652E+03 1.5390E-01
2.5655E+03 1.2266E-01
2.5658E+03 2.2762E-02
2.5662E+03 1.8130E-02
2.5665E+03 1.2445E-02
2.5668E+03 4.1922E-03
2.5672E+03 9.6597E-03
2.5675E+03 1.2535E-02
2.5678E+03 1.1698E-01
2.5682E+03 6.5947E-02
2.5685E+03 3.0191E-02
2.5688E+03 2.5408E-01
2.5691E+03 8.9445E-02
2.5695E+03 2.9869E-01
2.5698E+03 6.1317E+00
2.5701E+03 2.9360E-01
2.5705E+03 6.8116E-02
2.5708E+03 2.9634E-02
2.5711E+03 1.7095E-02
2.5715E+03 1.3484E-02
2.5718E+03 1.8062E-02
2.5721E+03 2.2893E-02
2.5724E+03 3.7783E-02
2.5728E+03 6.1509E-02
2.5731E+03 2.9052E-01
2.5734E+03 1.4931E+00
2.5738E+03 5.7023E-01
2.5741E+03 9.3802E-02
2.5744E+03 4.7861E-02
2.5748E+03 6.2932E-02
2.5751E+03 5.1288E-01
2.5754E+03 5.7720E-02
2.5758E+03 2.5064E-02
2.5761E+03 8.7182E-02
2.5764E+03 1.2875E-01
2.5768E+03 4.0061E-01
2.5771E+03 3.0119E+00
2.5774E+03 5.2130E-01
2.5778E+03 6.3007E-02
2.5781E+03 2.7078E-02
2.5784E+03 1.6013E-02
2.5787E+03 1.2277E-02
2.5791E+03 1.9754E-02
2.5794E+03 1.3119E-02
2.5797E+03 1.6389E-02
2.5801E+03 2.0446E-02
2.5804E+03 4.1880E-02
2.5807E+03 1.7006E-01
2.5811E+03 3.3100E+00
2.5814E+03 7.1315E-01
2.5817E+03 9.6781E-02
2.5821E+03 4.0311E-02
2.5824E+03 3.8262E-02
2.5827E+03 6.6750E-02
2.5831E+03 2.4174E-01
2.5834E+03 2.0609E-01
2.5837E+03 1.5573E+00
2.5841E+03 1.1137E+00
2.5844E+03 1.0085E+00
2.5847E+03 2.8610E-01
2.5851E+03 8.5390E-02
2.5854E+03 4.3356E-02
2.5857E+03 3.4267E-02
2.5861E+03 3.8905E-02
2.5864E+03 6.8602E-02
2.5868E+03 1.4205E-01
2.5871E+03 9.6927E-01
2.5874E+03 9.1006E-01
2.5878E+03 9.7270E-01
2.5881E+03 9.6140E-02
2.5884E+03 3.5955E-01
2.5888E+03 6.2299E-02
2.5891E+03 1.2694E-01
2.5894E+03 2.7277E+00
2.5898E+03 1.6869E-01
2.5901E+03 3.6324E-02
2.5904E+03 1.7797E-02
2.5908E+03 1.1545E-02
2.5911E+03 3.0854E-02
2.5914E+03 2.1784E-02
2.5918E+03 3.5923E-02
2.5921E+03 6.4244E-02
2.5925E+03 6.3017E-01
2.5928E+03 2.2528E-01
2.5931E+03 9.3180E-02
2.5935E+03 1.3167E-01
2.5938E+03 2.6460E-01
2.5941E+03 9.9341E-01
2.5945E+03 1.0699E+01
2.5948E+03 5.7396E+00
2.5951E+03 7.6043E-01
2.5955E+03 3.8873E-01
2.5958E+03 1.4623E+00
2.5962E+03 2.6886E+00
2.5965E+03 2.9505E-01
2.5968E+03 1.1952E-01
2.5972E+03 8.2417E-02
2.5975E+03 2.3444E-01
2.5978E+03 1.0602E-01
2.5982E+03 4.2905E-02
2.5985E+03 1.5200E-02
2.5989E+03 4.7409E-03
2.5992E+03 5.4096E-03
2.5995E+03 7.6834E-03
2.5999E+03 6.4916E-02
2.6002E+03 1.1623E-02
2.6005E+03 2.1047E-02
2.6009E+03 2.2216E-01
2.6012E+03 1.6096E-01
2.6016E+03 1.5909E+00
2.6019E+03 3.2530E-01
2.6022E+03 5.7586E-02
2.6026E+03 4.8117E-02
2.6029E+03 7.2480E-02
2.6033E+03 3.2220E-01
2.6036E+03 7.5479E-01
2.6039E+03 2.4599E-01
2.6043E+03 1.0265E+00
2.6046E+03 1.8380E-01
2.6049E+03 2.1355E-01
2.6053E+03 7.8190E-01
2.6056E+03 1.9986E+01
2.6060E+03 6.7342E-01
2.6063E+03 1.9244E-01
2.6066E+03 1.1185E-01
2.6070E+03 1.2617E-01
2.6073E+03 4.0340E-01
2.6077E+03 2.1795E+00
2.6080E+03 1.7069E-01
2.6083E+03 6.6784E-02
2.6087E+03 4.9748E-02
2.6090E+03 5.0819E-02
2.6094E+03 1.2459E-01
2.6097E+03 1.3980E+00
2.6100E+03 4.6023E-01
2.6104E+03 8.1961E-02
2.6107E+03 4.0576E-02
2.6111E+03 2.0245E-02
2.6114E+03 1.6581E-02
2.6118E+03 2.5932E-02
2.6121E+03 4.7418E-02
2.6124E+03 1.1992E-01
2.6128E+03 8.3900E-02
2.6131E+03 1.4065E+00
2.6135E+03 1.6170E-01
2.6138E+03 6.1147E-02
2.6141E+03 7.1246E-02
2.6145E+03 3.4798E-02
2.6148E+03 2.3991E-01
2.6152E+03 5.3708E-02
2.6155E+03 2.3115E-01
2.6158E+03 1.0025E-01
2.6162E+03 2.4947E-01
2.6165E+03 4.6829E+00
2.6169E+03 6.2341E-01
2.6172E+03 3.2767E+00
2.6176E+03 5.1879E-01
2.6179E+03 7.9717E-01
2.6182E+03 1.0044E-01
2.6186E+03 1.4558E-01
2.6189E+03 1.6839E-01
2.6193E+03 8.0195E-02
2.6196E+03 1.2490E-01
2.6200E+03 3.0840E-01
2.6203E+03 2.2953E+00
2.6206E+03 2.7035E+00
2.6210E+03 3.3533E-01
2.6213E+03 1.1719E-01
2.6217E+03 5.9613E-02
2.6220E+03 3.7613E-02
2.6224E+03 2.4744E-02
2.6227E+03 1.7668E-02
2.6231E+03 1.3381E-02
2.6234E+03 1.6200E-02
2.6237E+03 1.5104E-02
2.6241E+03 1.0683E-02
2.6244E+03 2.3445E-02
2.6248E+03 2.0204E-02
2.6251E+03 2.3751E-02
2.6255E+03 3.8003E-02
2.6258E+03 7.1105E-02
2.6262E+03 1.7903E-01
2.6265E+03 1.0128E+00
2.6268E+03 3.6225E+00
2.6272E+03 2.9926E-01
2.6275E+03 1.0847E-01
2.6279E+03 6.2173E-02
2.6282E+03 4.8530E-02
2.6286E+03 4.9219E-02
2.6289E+03 7.5377E-02
2.6293E+03 1.6501E-01
2.6296E+03 8.6140E-01
2.6300E+03 2.6790E-01
2.6303E+03 9.9027E-01
2.6306E+03 1.2249E+01
2.6310E+03 6.5754E-01
2.6313E+03 4.5759E-01
2.6317E+03 1.4653E-01
2.6320E+03 7.0894E-02
2.6324E+03 7.3135E-02
2.6327E+03 5.5179E-02
2.6331E+03 5.1602E-01
2.6334E+03 9.4978E-02
2.6338E+03 2.6285E-01
2.6341E+03 2.5399E+00
2.6345E+03 1.3218E-01
2.6348E+03 4.5880E-02
2.6352E+03 1.8911E-02
2.6355E+03 1.1144E-02
2.6358E+03 1.7104E-02
2.6362E+03 5.4309E-03
2.6365E+03 3.8109E-03
2.6369E+03 2.8095E-03
2.6372E+03 2.4763E-03
2.6376E+03 2.1731E-04
2.6379E+03 3.7661E-04
2.6383E+03 1.1422E-03
2.6386E+03 7.9830E-03
2.6390E+03 2.1993E-02
2.6393E+03 3.7447E-03
2.6397E+03 2.1478E-03
2.6400E+03 4.2046E-03
2.6404E+03 1.3860E-02
2.6407E+03 1.9431E-02
2.6411E+03 4.8668E-02
2.6414E+03 2.8490E-02
2.6418E+03 2.0712E-01
2.6421E+03 2.0110E-01
2.6425E+03 1.8347E-01
2.6428E+03 2.5739E-02
2.6432E+03 1.1853E-02
2.6435E+03 9.4799E-03
2.6439E+03 1.4847E-02
2.6442E+03 6.4930E-02
2.6446E+03 1.8622E-02
2.6449E+03 2.6393E-02
2.6453E+03 6.5552E-02
2.6456E+03 5.6261E-01
2.6460E+03 1.2953E+00
2.6463E+03 9.9305E-02
2.6467E+03 4.4831E-02
2.6470E+03 1.2459E-01
2.6474E+03 1.5291E-02
2.6477E+03 8.3899E-03
2.6481E+03 6.3386E-03
2.6484E+03 3.8562E-03
2.6488E+03 2.9235E-03
2.6491E+03 4.9616E-03
2.6495E+03 6.5984E-03
2.6498E+03 1.3078E-02
2.6502E+03 6.7964E-03
2.6505E+03 8.6231E-03
2.6509E+03 1.3624E-02
2.6512E+03 5.7679E-02
2.6516E+03 5.3272E-02
2.6519E+03 8.0059E-02
2.6523E+03 3.7480E-01
2.6526E+03 5.4744E+00
2.6530E+03 2.2284E-01
2.6533E+03 9.9107E-02
2.6537E+03 3.9675E-02
2.6540E+03 2.8236E-02
2.6544E+03 2.8986E-02
2.6547E+03 5.8601E-02
2.6551E+03 1.1098E-01
2.6554E+03 2.0862E+00
2.6558E+03 2.1326E-01
2.6561E+03 5.5839E-02
2.6565E+03 3.0982E-02
2.6569E+03 4.4723E-02
2.6572E+03 2.0156E-02
2.6576E+03 2.1734E-02
2.6579E+03 8.1982E-02
2.6583E+03 2.1498E-02
2.6586E+03 2.6419E-02
2.6590E+03 5.2721E-02
2.6593E+03 2.1381E-01
2.6597E+03 4.4576E+00
2.6600E+03 2.6813E-01
2.6604E+03 2.1819E-01
2.6607E+03 6.3941E-02
2.6611E+03 5.0561E-02
2.6615E+03 6.2830E-02
2.6618E+03 4.2869E-01
2.6622E+03 3.6755E-01
2.6625E+03 7.0028E-02
2.6629E+03 1.1947E-01
2.6632E+03 5.7894E-02
2.6636E+03 7.4904E-02
2.6639E+03 6.7508E-01
2.6643E+03 1.9368E-01
2.6646E+03 6.5826E-01
2.6650E+03 6.6141E+00
2.6654E+03 1.3551E+00
2.6657E+03 4.3337E-01
2.6661E+03 4.3866E-01
2.6664E+03 3.4867E-01
2.6668E+03 1.1991E+00
2.6671E+03 1.3535E+01
2.6675E+03 7.7822E-01
2.6678E+03 2.3503E-01
2.6682E+03 1.6950E-01
2.6686E+03 7.5239E-01
2.6689E+03 1.2549E-01
2.6693E+03 4.6273E-01
2.6696E+03 2.3714E-01
2.6700E+03 8.7856E-01
2.6703E+03 3.6020E+00
2.6707E+03 4.0695E+00
2.6710E+03 2.9738E+00
2.6714E+03 2.6110E-01
2.6718E+03 1.1569E-01
2.6721E+03 1.0481E-01
2.6725E+03 9.2184E-02
2.6728E+03 1.5935E+00
2.6732E+03 4.7693E-01
2.6735E+03 1.9764E-01
2.6739E+03 4.6910E-02
2.6743E+03 5.2861E-02
2.6746E+03 1.3305E-01
2.6750E+03 1.6933E+00
2.6753E+03 1.2739E-01
2.6757E+03 1.8513E-01
2.6761E+03 3.1790E+00
2.6764E+03 4.8229E-01
2.6768E+03 2.8131E-01
2.6771E+03 1.4913E+00
2.6775E+03 2.3075E+00
2.6778E+03 1.0078E+00
2.6782E+03 1.5735E-01
2.6786E+03 1.1152E-01
2.6789E+03 2.7838E-01
2.6793E+03 2.1218E+00
2.6796E+03 1.2179E+00
2.6800E+03 1.9069E-01
2.6804E+03 7.3813E-02
2.6807E+03 7.1493E-02
2.6811E+03 4.4399E-02
2.6814E+03 2.2138E-02
2.6818E+03 2.6111E-02
2.6822E+03 2.2778E-02
2.6825E+03 1.6410E-01
2.6829E+03 6.1360E-02
2.6832E+03 3.0608E-01
2.6836E+03 3.7296E-01
2.6840E+03 1.0502E-01
2.6843E+03 7.9333E-02
2.6847E+03 7.6701E-01
2.6850E+03 6.6220E-02
2.6854E+03 3.5587E-02
2.6858E+03 1.2179E-01
2.6861E+03 6.0291E-01
2.6865E+03 1.2115E+00
2.6868E+03 4.4928E-01
2.6872E+03 6.1012E-02
2.6876E+03 2.5085E-02
2.6879E+03 2.4985E-02
2.6883E+03 4.8669E-02
2.6886E+03 1.0431E-01
2.6890E+03 7.9183E-01
2.6894E+03 4.4641E-02
2.6897E+03 1.5717E-02
2.6901E+03 8.9561E-03
2.6905E+03 1.8813E-02
2.6908E+03 3.2302E-02
2.6912E+03 1.8411E-02
2.6915E+03 2.6143E-02
2.6919E+03 6.4628E-01
2.6923E+03 4.9576E-02
2.6926E+03 5.6134E-02
2.6930E+03 1.1587E-01
2.6933E+03 9.7790E-01
2.6937E+03 3.8032E+00
2.6941E+03 1.2898E+00
2.6944E+03 2.7645E-01
2.6948E+03 4.0160E-01
2.6952E+03 1.1954E-01
2.6955E+03 2.9934E-01
2.6959E+03 4.6981E+00
2.6963E+03 2.1699E-01
2.6966E+03 7.5858E-02
2.6970E+03 3.6207E-02
2.6973E+03 3.2253E-02
2.6977E+03 5.9092E-02
2.6981E+03 2.6023E-02
2.6984E+03 5.8691E-02
2.6988E+03 9.6265E-02
2.6992E+03 1.2767E-02
2.6995E+03 1.1344E-02
2.6999E+03 1.6987E-02
2.7003E+03 2.1153E-02
2.7006E+03 5.1471E-02
2.7010E+03 1.5663E-01
2.7014E+03 3.4316E+00
2.7017E+03 3.0852E-01
2.7021E+03 5.2794E-02
2.7024E+03 2.2816E-02
2.7028E+03 1.3290E-02
2.7032E+03 3.0910E-02
2.7035E+03 7.9410E-03
2.7039E+03 5.3954E-03
2.7043E+03 5.1264E-03
2.7046E+03 7.1717E-03
2.7050E+03 5.2045E-02
2.7054E+03 1.5068E-01
2.7057E+03 1.3213E-02
2.7061E+03 1.0496E-02
2.7065E+03 7.1058E-02
2.7068E+03 3.7556E-02
2.7072E+03 9.8659E-02
2.7076E+03 1.2924E-01
2.7079E+03 4.7527E-02
2.7083E+03 8.2996E-02
2.7087E+03 2.0357E-01
2.7090E+03 4.4477E+00
2.7094E+03 4.2373E-01
2.7098E+03 5.5269E-01
2.7101E+03 1.5314E-01
2.7105E+03 2.4710E-01
2.7109E+03 1.1214E+00
2.7112E+03 9.8322E+00
2.7116E+03 5.1622E-01
2.7120E+03 1.5845E-01
2.7123E+03 8.0241E-02
2.7127E+03 4.5158E-02
2.7131E+03 2.9823E-02
2.7134E+03 2.4229E-02
2.7138E+03 4.0845E-02
2.7142E+03 9.3120E-02
2.7146E+03 1.9476E-02
2.7149E+03 4.2263E-03
2.7153E+03 3.8725E-03
2.7157E+03 4.6688E-03
2.7160E+03 1.1121E-02
2.7164E+03 1.5351E-02
2.7168E+03 2.8079E-02
2.7171E+03 2.3097E-01
2.7175E+03 1.4436E-01
2.7179E+03 1.5083E+00
2.7182E+03 9.3028E-02
2.7186E+03 6.1031E-02
2.7190E+03 9.9059E-02
2.7193E+03 5.4302E-01
2.7197E+03 2.4372E-01
2.7201E+03 1.2068E+00
2.7205E+03 3.8433E+00
2.7208E+03 7.5225E-01
2.7212E+03 3.8377E+00
2.7216E+03 8.4308E-01
2.7219E+03 1.6258E-01
2.7223E+03 8.5072E-02
2.7227E+03 7.1790E-02
2.7231E+03 8.3854E-02
2.7234E+03 1.4082E-01
2.7238E+03 4.0109E-01
2.7242E+03 7.2275E+00
2.7245E+03 9.0746E-01
2.7249E+03 3.3748E-01
2.7253E+03 2.2758E-01
2.7256E+03 3.3459E+00
2.7260E+03 3.0660E-01
2.7264E+03 7.8275E-02
2.7268E+03 3.8471E-02
2.7271E+03 2.4400E-02
2.7275E+03 1.9546E-02
2.7279E+03 2.1112E-02
2.7283E+03 1.3487E-02
2.7286E+03 6.2116E-03
2.7290E+03 5.1534E-03
2.7294E+03 4.3974E-04
2.7297E+03 9.0062E-04
2.7301E+03 1.7564E-03
2.7305E+03 6.9870E-04
2.7309E+03 1.4434E-03
2.7312E+03 1.2453E-03
2.7316E+03 2.6287E-03
2.7320E+03 2.0505E-02
2.7324E+03 1.5913E-01
2.7327E+03 1.4317E-02
2.7331E+03 1.3754E-02
2.7335E+03 1.9483E-02
2.7338E+03 3.2555E-02
2.7342E+03 6.9898E-02
2.7346E+03 2.4933E-01
2.7350E+03 7.4927E+00
2.7353E+03 3.7220E-01
2.7357E+03 8.8603E-02
2.7361E+03 4.2227E-02
2.7365E+03 3.0858E-02
2.7368E+03 2.5332E-02
2.7372E+03 3.6200E-02
2.7376E+03 1.5144E-01
2.7380E+03 7.2762E-02
2.7383E+03 2.0018E-01
2.7387E+03 4.5287E+00
2.7391E+03 8.0017E-01
2.7395E+03 5.4561E-01
2.7398E+03 4.1257E-01
2.7402E+03 8.3097E+00
2.7406E+03 6.7460E-01
2.7410E+03 2.1698E-01
2.7413E+03 4.0010E-01
2.7417E+03 1.0988E+00
2.7421E+03 4.2481E-01
2.7425E+03 5.6161E-01
2.7428E+03 1.3088E-01
2.7432E+03 1.7909E-01
2.7436E+03 2.5307E-02
2.7440E+03 1.3547E-02
2.7443E+03 1.3180E-02
2.7447E+03 9.1934E-02
2.7451E+03 4.9140E-02
2.7455E+03 7.4895E-02
2.7459E+03 1.6616E-01
2.7462E+03 1.9444E-02
2.7466E+03 6.6010E-03
2.7470E+03 8.7165E-03
2.7474E+03 6.5087E-02
2.7477E+03 8.0069E-03
2.7481E+03 1.2946E-02
2.7485E+03 8.1603E-02
2.7489E+03 1.1896E-01
2.7493E+03 1.5235E-02
2.7496E+03 7.1844E-03
2.7500E+03 7.0310E-03
2.7504E+03 6.9531E-03
2.7508E+03 1.1409E-02
2.7511E+03 2.8893E-02
2.7515E+03 7.4434E-02
2.7519E+03 2.7437E+00
2.7523E+03 8.5329E-02
2.7527E+03 3.5826E-02
2.7530E+03 5.6218E-02
2.7534E+03 3.4262E-02
2.7538E+03 5.3302E-02
2.7542E+03 4.5030E-01
2.7546E+03 1.9085E-01
2.7549E+03 1.3629E+00
2.7553E+03 2.4277E+00
2.7557E+03 5.1858E-01
2.7561E+03 9.8653E+00
2.7565E+03 3.6004E-01
2.7568E+03 1.0557E-01
2.7572E+03 6.5916E-02
2.7576E+03 2.7001E-01
2.7580E+03 6.9388E-02
2.7584E+03 2.6260E-02
2.7587E+03 1.4490E-02
2.7591E+03 1.1344E-02
2.7595E+03 1.4608E-02
2.7599E+03 5.2079E-02
2.7603E+03 2.2392E-02
2.7606E+03 1.6672E-02
2.7610E+03 3.0090E-02
2.7614E+03 2.3577E-01
2.7618E+03 1.1004E-01
2.7622E+03 1.2994E-01
2.7625E+03 1.0405E+00
2.7629E+03 7.9403E-01
2.7633E+03 1.2752E-01
2.7637E+03 1.3918E-01
2.7641E+03 6.6125E-01
2.7645E+03 2.6005E-01
2.7648E+03 5.1776E-02
2.7652E+03 3.3166E-02
2.7656E+03 7.9162E-02
2.7660E+03 2.8734E-01
2.7664E+03 2.0641E-01
2.7667E+03 4.1651E-01
2.7671E+03 6.0483E-02
2.7675E+03 1.0992E-01
2.7679E+03 4.6703E-01
2.7683E+03 7.1669E-01
2.7687E+03 1.2207E-01
2.7690E+03 3.9674E-02
2.7694E+03 3.7491E-02
2.7698E+03 5.4336E-02
2.7702E+03 1.3213E-01
2.7706E+03 4.0358E+00
2.7710E+03 2.8740E-01
2.7713E+03 6.8995E-02
2.7717E+03 5.9196E-02
2.7721E+03 5.1879E-01
2.7725E+03 6.4726E-01
2.7729E+03 5.0042E-02
2.7733E+03 1.6154E-02
2.7737E+03 2.1875E-02
2.7740E+03 7.2069E-03
2.7744E+03 6.1888E-03
2.7748E+03 8.6740E-03
2.7752E+03 2.6467E-02
2.7756E+03 7.9617E-02
2.7760E+03 7.0886E-02
2.7764E+03 2.0864E-02
2.7767E+03 8.3894E-02
2.7771E+03 4.8460E-01
2.7775E+03 5.5260E-02
2.7779E+03 1.1413E-01
2.7783E+03 9.7679E-02
2.7787E+03 5.8038E-02
2.7791E+03 1.3901E-01
2.7794E+03 7.9025E-02
2.7798E+03 2.0617E-02
2.7802E+03 2.2460E-02
2.7806E+03 1.9664E-01
2.7810E+03 8.0164E-02
2.7814E+03 2.1500E+00
2.7818E+03 6.9141E-02
2.7821E+03 2.7887E-02
2.7825E+03 5.1911E-02
2.7829E+03 3.9058E-01
2.7833E+03 9.7112E-02
2.7837E+03 1.8880E-02
2.7841E+03 9.5711E-03
2.7845E+03 6.1806E-03
2.7849E+03 1.4249E-02
2.7852E+03 5.6870E-02
2.7856E+03 3.2262E-02
2.7860E+03 6.7628E-02
2.7864E+03 1.1875E+00
2.7868E+03 3.2313E-01
2.7872E+03 3.0602E-01
2.7876E+03 1.3627E-01
2.7880E+03 6.2950E-01
2.7884E+03 6.5476E-01
2.7887E+03 7.6454E-02
2.7891E+03 8.9782E-02
2.7895E+03 2.0537E-02
2.7899E+03 1.6086E-02
2.7903E+03 8.3642E-02
2.7907E+03 7.6815E-02
2.7911E+03 3.4466E-02
2.7915E+03 7.9885E-02
2.7919E+03 5.5346E-03
2.7922E+03 5.1415E-03
2.7926E+03 7.9945E-03
2.7930E+03 3.2191E-02
2.7934E+03 4.8484E-02
2.7938E+03 1.8086E-01
2.7942E+03 9.5304E-03
2.7946E+03 6.0266E-03
2.7950E+03 1.2141E-02
2.7954E+03 8.1429E-02
2.7958E+03 2.1714E-01
2.7961E+03 1.1225E-02
2.7965E+03 6.4204E-03
2.7969E+03 1.5749E-02
2.7973E+03 4.3260E-02
2.7977E+03 9.3547E-02
2.7981E+03 1.7562E-02
2.7985E+03 1.2085E-02
2.7989E+03 1.1686E-02
2.7993E+03 4.0966E-03
2.7997E+03 3.9630E-03
2.8001E+03 6.9236E-03
2.8005E+03 2.8727E-02
2.8008E+03 6.8423E-02
2.8012E+03 1.7230E-02
2.8016E+03 2.9708E-02
2.8020E+03 2.0901E-01
2.8024E+03 1.6410E+00
2.8028E+03 1.4602E+00
2.8032E+03 8.6449E-02
2.8036E+03 6.4452E-01
2.8040E+03 5.3271E-01
2.8044E+03 3.4331E-01
2.8048E+03 1.0832E-01
2.8052E+03 5.7844E-02
2.8056E+03 3.6456E-02
2.8060E+03 1.2684E-01
2.8063E+03 1.0718E-01
2.8067E+03 2.2154E-02
2.8071E+03 3.1024E-01
2.8075E+03 1.6286E-02
2.8079E+03 3.8116E-02
2.8083E+03 1.7728E-02
2.8087E+03 8.8285E-02
2.8091E+03 6.0117E-02
2.8095E+03 1.0162E-02
2.8099E+03 5.9917E-03
2.8103E+03 4.4358E-03
2.8107E+03 6.5226E-03
2.8111E+03 3.0802E-02
2.8115E+03 2.2291E-02
2.8119E+03 3.9786E-03
2.8123E+03 2.4762E-03
2.8127E+03 3.1360E-03
2.8131E+03 9.7136E-03
2.8135E+03 9.0699E-03
2.8138E+03 2.1966E-01
2.8142E+03 2.0022E-02
2.8146E+03 3.6714E-02
2.8150E+03 3.1816E-01
2.8154E+03 2.5446E-01
2.8158E+03 1.8864E-02
2.8162E+03 1.0129E-02
2.8166E+03 8.4867E-02
2.8170E+03 6.1969E-03
2.8174E+03 5.5473E-03
2.8178E+03 1.3926E-02
2.8182E+03 2.7348E-01
2.8186E+03 2.0456E-02
2.8190E+03 1.0365E-01
2.8194E+03 1.2335E+00
2.8198E+03 2.0704E-02
2.8202E+03 3.0055E-02
2.8206E+03 2.0511E-01
2.8210E+03 9.6510E-02
2.8214E+03 5.4883E-02
2.8218E+03 5.0161E-02
2.8222E+03 2.9122E-02
2.8226E+03 1.3916E-01
2.8230E+03 8.7938E-03
2.8234E+03 2.7969E-03
2.8238E+03 1.6371E-03
2.8242E+03 2.7524E-03
2.8246E+03 5.7338E-03
2.8250E+03 3.1785E-03
2.8254E+03 1.1282E-02
2.8258E+03 1.1330E-02
2.8262E+03 4.4621E-03
2.8266E+03 2.9157E-03
2.8270E+03 6.0886E-03
2.8274E+03 2.7191E-02
2.8278E+03 2.3242E-01
2.8282E+03 1.8991E-02
2.8286E+03 4.3419E-03
2.8290E+03 2.0799E-03
2.8294E+03 4.0889E-03
2.8298E+03 1.2000E-03
2.8302E+03 9.3633E-04
2.8306E+03 1.3364E-03
2.8310E+03 1.9110E-03
2.8314E+03 5.3024E-03
2.8318E+03 1.3531E-01
2.8322E+03 9.7554E-02
2.8326E+03 1.3390E-02
2.8330E+03 1.2064E-02
2.8334E+03 5.7896E-02
2.8338E+03 1.1092E-01
2.8342E+03 3.7634E-02
2.8346E+03 5.2774E-02
2.8350E+03 8.2617E-02
2.8354E+03 1.3474E-01
2.8358E+03 2.3411E-02
2.8362E+03 2.1715E-02
2.8366E+03 1.6754E-02
2.8370E+03 1.4205E-01
2.8374E+03 2.2894E-02
2.8378E+03 5.1090E-02
2.8382E+03 6.3600E-02
2.8386E+03 1.8654E-01
2.8390E+03 4.9825E-02
2.8394E+03 1.0232E-02
2.8398E+03 1.3913E-02
2.8402E+03 4.6233E-03
2.8406E+03 3.7115E-03
2.8410E+03 3.0767E-02
2.8414E+03 1.2280E-02
2.8418E+03 5.8495E-02
2.8422E+03 5.4550E-03
2.8426E+03 3.0807E-03
2.8430E+03 3.0788E-02
2.8435E+03 1.2598E-03
2.8439E+03 5.6738E-04
2.8443E+03 7.8332E-04
2.8447E+03 5.3423E-04
2.8451E+03 1.1232E-03
2.8455E+03 4.4517E-03
2.8459E+03 1.0653E-02
2.8463E+03 8.1391E-03
2.8467E+03 1.0687E-02
2.8471E+03 4.5731E-03
2.8475E+03 1.7346E-02
2.8479E+03 2.0563E-02
2.8483E+03 1.1873E-02
2.8487E+03 1.3593E-02
2.8491E+03 3.7574E-02
2.8495E+03 2.3317E-01
2.8499E+03 1.8302E-01
2.8503E+03 8.2900E-03
2.8507E+03 3.2464E-03
2.8512E+03 2.4788E-03
2.8516E+03 6.8116E-03
2.8520E+03 4.2521E-03
2.8524E+03 3.4727E-02
2.8528E+03 8.5806E-03
2.8532E+03 1.0162E-01
2.8536E+03 3.0126E-02
2.8540E+03 2.1921E-02
2.8544E+03 3.9217E-01
2.8548E+03 2.2161E-01
2.8552E+03 1.3048E-01
2.8556E+03 6.7692E-02
2.8560E+03 3.3385E-02
2.8564E+03 1.1445E-02
2.8569E+03 3.6238E-03
2.8573E+03 2.8981E-02
2.8577E+03 3.6964E-03
2.8581E+03 1.8956E-03
2.8585E+03 1.9117E-03
2.8589E+03 2.5704E-03
2.8593E+03 5.3631E-03
2.8597E+03 3.7770E-02
2.8601E+03 3.1332E-02
2.8605E+03 6.1072E-03
2.8609E+03 2.8966E-02
2.8614E+03 1.0692E-02
2.8618E+03 2.2838E-03
2.8622E+03 1.4886E-03
2.8626E+03 7.1476E-03
2.8630E+03 7.2050E-04
2.8634E+03 7.7355E-04
2.8638E+03 8.0082E-03
2.8642E+03 2.1354E-03
2.8646E+03 5.3463E-03
2.8650E+03 1.5015E-03
2.8655E+03 8.9383E-04
2.8659E+03 1.5426E-03
2.8663E+03 4.4422E-03
2.8667E+03 1.4034E-01
2.8671E+03 4.4956E-02
2.8675E+03 3.8735E-03
2.8679E+03 3.2711E-03
2.8683E+03 1.5463E-02
2.8687E+03 1.9116E-02
2.8692E+03 3.7224E-03
2.8696E+03 4.1253E-03
2.8700E+03 5.6521E-03
2.8704E+03 4.5469E-03
2.8708E+03 3.9838E-03
2.8712E+03 1.1850E-02
2.8716E+03 2.1525E-01
2.8720E+03 2.7280E-02
2.8724E+03 8.6648E-03
2.8729E+03 6.5937E-02
2.8733E+03 6.9644E-02
2.8737E+03 3.8523E-03
2.8741E+03 2.6894E-02
2.8745E+03 1.1002E-03
2.8749E+03 7.3401E-04
2.8753E+03 2.4735E-03
2.8758E+03 4.6302E-04
2.8762E+03 5.5267E-04
2.8766E+03 1.5262E-03
2.8770E+03 2.1549E-03
2.8774E+03 1.2238E-02
2.8778E+03 4.7885E-02
2.8782E+03 4.2384E-03
2.8787E+03 2.1105E-03
2.8791E+03 2.3167E-02
2.8795E+03 1.4592E-03
2.8799E+03 7.3929E-04
2.8803E+03 6.9831E-03
2.8807E+03 9.1517E-04
2.8811E+03 1.8408E-03
2.8816E+03 4.3921E-02
2.8820E+03 9.9917E-04
2.8824E+03 5.7100E-04
2.8828E+03 1.1630E-03
2.8832E+03 2.3691E-03
2.8836E+03 2.3753E-03
2.8840E+03 6.4897E-03
2.8845E+03 1.7599E-01
2.8849E+03 3.5276E-03
2.8853E+03 2.7883E-03
2.8857E+03 7.6990E-04
2.8861E+03 1.6876E-03
2.8865E+03 6.0916E-03
2.8870E+03 1.4472E-03
2.8874E+03 3.9974E-03
2.8878E+03 1.0116E-01
2.8882E+03 1.8877E-02
2.8886E+03 6.7508E-03
2.8890E+03 8.7878E-02
2.8895E+03 4.0186E-03
2.8899E+03 2.3623E-02
2.8903E+03 1.2392E-03
2.8907E+03 7.6166E-04
2.8911E+03 4.6106E-03
2.8916E+03 1.8836E-03
2.8920E+03 1.3849E-03
2.8924E+03 3.9033E-03
2.8928E+03 1.6104E-03
2.8932E+03 6.7348E-03
2.8936E+03 1.7112E-02
2.8941E+03 1.3579E-03
2.8945E+03 3.4319E-04
2.8949E+03 2.1628E-04
2.8953E+03 2.9563E-04
2.8957E+03 3.4724E-04
2.8962E+03 2.9246E-04
2.8966E+03 1.1341E-04
2.8970E+03 3.2186E-04
2.8974E+03 1.8221E-04
2.8978E+03 4.7454E-04
2.8983E+03 1.0885E-03
2.8987E+03 1.1808E-03
2.8991E+03 1.6925E-03
2.8995E+03 4.7586E-03
2.8999E+03 4.8334E-02
2.9004E+03 1.2985E-02
2.9008E+03 1.8469E-01
2.9012E+03 1.8571E-01
2.9016E+03 1.2192E-02
2.9020E+03 4.8146E-03
2.9025E+03 8.7118E-03
2.9029E+03 3.9993E-03
2.9033E+03 1.8628E-03
2.9037E+03 2.1759E-03
2.9041E+03 6.8389E-03
2.9046E+03 1.9538E-02
2.9050E+03 7.7124E-02
2.9054E+03 6.9438E-03
2.9058E+03 3.3255E-03
2.9063E+03 2.7170E-03
2.9067E+03 3.9617E-03
2.9071E+03 3.6312E-03
2.9075E+03 1.0129E-03
2.9079E+03 1.3364E-03
2.9084E+03 4.9845E-03
2.9088E+03 2.2708E-03
2.9092E+03 3.5239E-03
2.9096E+03 7.0459E-04
2.9101E+03 2.8746E-03
2.9105E+03 1.7419E-03
2.9109E+03 2.3854E-04
2.9113E+03 1.8550E-04
2.9118E+03 2.7088E-04
2.9122E+03 1.0884E-03
2.9126E+03 1.0875E-03
2.9130E+03 2.9983E-02
2.9135E+03 1.7789E-03
2.9139E+03 1.4937E-03
2.9143E+03 8.0681E-03
2.9147E+03 1.7912E-02
2.9152E+03 1.8861E-03
2.9156E+03 6.8655E-04
2.9160E+03 5.5105E-04
2.9164E+03 6.3898E-04
2.9169E+03 2.1220E-03
2.9173E+03 3.7134E-02
2.9177E+03 1.4188E-03
2.9181E+03 1.9780E-03
2.9186E+03 5.6418E-04
2.9190E+03 2.2769E-04
2.9194E+03 1.9994E-04
2.9198E+03 2.6038E-04
2.9203E+03 9.3101E-04
2.9207E+03 1.2793E-03
2.9211E+03 1.0761E-02
2.9215E+03 3.1650E-03
2.9220E+03 7.3373E-02
2.9224E+03 4.1021E-02
2.9228E+03 8.2722E-03
2.9232E+03 1.7011E-02
2.9237E+03 7.9070E-02
2.9241E+03 2.9124E-02
2.9245E+03 1.3772E-02
2.9250E+03 2.8414E-03
2.9254E+03 1.0786E-02
2.9258E+03 1.0236E-03
2.9262E+03 7.3496E-04
2.9267E+03 4.1078E-04
2.9271E+03 2.0691E-04
2.9275E+03 2.0174E-04
2.9280E+03 3.4787E-04
2.9284E+03 1.3452E-04
2.9288E+03 2.0947E-04
2.9292E+03 3.1617E-03
2.9297E+03 1.9646E-03
2.9301E+03 3.2928E-03
2.9305E+03 9.2413E-04
2.9310E+03 2.2830E-03
2.9314E+03 1.3584E-04
2.9318E+03 1.0198E-04
2.9323E+03 1.5568E-04
2.9327E+03 2.2551E-04
2.9331E+03 5.5930E-04
2.9335E+03 1.3298E-02
2.9340E+03 5.4732E-04
2.9344E+03 2.6008E-04
2.9348E+03 2.0177E-04
2.9353E+03 1.3290E-03
2.9357E+03 5.7464E-04
2.9361E+03 1.9753E-04
2.9366E+03 2.2593E-04
2.9370E+03 4.0912E-04
2.9374E+03 1.1497E-03
2.9378E+03 8.4237E-03
2.9383E+03 6.5693E-03
2.9387E+03 1.1471E-03
2.9391E+03 2.2141E-03
2.9396E+03 2.5850E-03
2.9400E+03 1.8598E-03
2.9404E+03 1.1243E-03
2.9409E+03 5.9460E-04
2.9413E+03 9.1259E-04
2.9417E+03 5.5091E-04
2.9422E+03 5.4471E-03
2.9426E+03 1.2749E-03
2.9430E+03 3.2625E-03
2.9435E+03 5.2244E-02
2.9439E+03 9.7468E-03
2.9443E+03 2.7611E-03
2.9448E+03 1.3459E-03
2.9452E+03 6.7588E-04
2.9456E+03 6.3971E-04
2.9461E+03 8.4666E-04
2.9465E+03 1.5261E-03
2.9469E+03 6.8262E-03
2.9474E+03 7.8621E-02
2.9478E+03 3.0957E-02
2.9482E+03 3.0897E-03
2.9487E+03 2.2336E-03
2.9491E+03 5.6323E-04
2.9495E+03 3.3527E-04
2.9500E+03 7.8098E-04
2.9504E+03 3.7787E-04
2.9509E+03 1.0165E-04
2.9513E+03 1.2330E-04
2.9517E+03 6.1179E-04
2.9522E+03 6.5820E-04
2.9526E+03 6.5358E-04
2.9530E+03 2.0085E-03
2.9535E+03 2.1926E-02
2.9539E+03 8.8843E-03
2.9543E+03 3.5573E-03
2.9548E+03 8.4722E-02
2.9552E+03 2.6501E-03
2.9557E+03 2.6991E-03
2.9561E+03 3.6360E-03
2.9565E+03 6.1392E-04
2.9570E+03 3.2366E-04
2.9574E+03 2.8107E-04
2.9578E+03 7.6894E-04
2.9583E+03 4.5970E-03
2.9587E+03 3.9490E-04
2.9591E+03 8.6117E-04
2.9596E+03 1.2773E-03
2.9600E+03 1.3503E-03
2.9605E+03 4.8548E-04
2.9609E+03 7.7836E-04
2.9613E+03 3.1007E-04
2.9618E+03 1.9203E-04
2.9622E+03 3.7594E-04
2.9627E+03 6.4206E-04
2.9631E+03 2.4541E-03
2.9635E+03 9.0920E-04
2.9640E+03 6.5757E-04
2.9644E+03 9.8368E-05
2.9649E+03 1.0363E-04
2.9653E+03 7.2094E-05
2.9657E+03 1.2410E-04
2.9662E+03 6.1094E-04
2.9666E+03 1.3870E-03
2.9671E+03 3.5312E-04
2.9675E+03 2.9918E-03
2.9679E+03 2.2566E-03
2.9684E+03 1.7433E-02
2.9688E+03 1.9359E-03
2.9693E+03 9.9845E-03
2.9697E+03 8.1385E-03
2.9701E+03 2.4230E-03
2.9706E+03 4.6615E-03
2.9710E+03 4.5865E-02
2.9715E+03 6.8582E-03
2.9719E+03 1.2835E-02
2.9723E+03 4.9628E-02
2.9728E+03 3.6950E-03
2.9732E+03 1.2868E-03
2.9737E+03 4.3592E-03
2.9741E+03 1.7862E-02
2.9746E+03 1.3986E-02
2.9750E+03 5.4747E-03
2.9754E+03 1.4001E-03
2.9759E+03 3.9098E-03
2.9763E+03 3.1555E-03
2.9768E+03 6.7720E-03
2.9772E+03 7.7449E-04
2.9777E+03 5.1806E-04
2.9781E+03 7.5365E-04
2.9785E+03 3.3228E-03
2.9790E+03 9.1830E-03
2.9794E+03 2.1260E-03
2.9799E+03 1.7259E-02
2.9803E+03 4.2095E-03
2.9808E+03 1.0678E-03
2.9812E+03 2.0116E-03
2.9816E+03 2.8576E-03
2.9821E+03 2.2350E-03
2.9825E+03 4.4101E-04
2.9830E+03 2.0083E-04
2.9834E+03 2.4603E-04
2.9839E+03 4.4633E-03
2.9843E+03 4.1867E-04
2.9848E+03 1.8817E-04
2.9852E+03 2.7151E-03
2.9857E+03 1.4691E-04
2.9861E+03 2.1994E-04
2.9865E+03 2.0252E-03
2.9870E+03 3.4610E-04
2.9874E+03 2.5572E-04
2.9879E+03 9.5820E-05
2.9883E+03 3.9008E-04
2.9888E+03 9.7712E-04
2.9892E+03 1.1537E-04
2.9897E+03 5.4669E-05
2.9901E+03 6.7412E-05
2.9906E+03 7.8019E-05
2.9910E+03 1.9054E-04
2.9915E+03 6.4130E-04
2.9919E+03 6.7518E-03
2.9924E+03 4.7722E-04
2.9928E+03 5.1018E-03
2.9933E+03 3.0138E-04
2.9937E+03 6.4849E-03
2.9941E+03 3.2887E-04
2.9946E+03 7.7326E-04
2.9950E+03 1.0494E-03
2.9955E+03 3.2711E-04
2.9959E+03 6.3570E-04
2.9964E+03 2.2046E-03
2.9968E+03 1.9378E-01
2.9973E+03 3.8486E-03
2.9977E+03 1.0412E-03
2.9982E+03 1.0673E-03
2.9986E+03 7.3383E-03
2.9991E+03 4.8960E-03
2.9995E+03 7.0767E-04
3.0000E+03 3.2630E-04
